Id,PostTypeId,PostType,CreationDate,Score,ViewCount,Tags,AnswerCount,FavoriteCount
"63807","1","Question","2019-11-26 15:34:34","1","17","<machine-learning><deep-learning><rnn><derivation>","0",""
"63813","1","Question","2019-11-26 19:07:31","1","1559","<nlp><dataset><text-mining><topic-model>","1",""
"63817","1","Question","2019-11-26 20:51:49","0","818","<classification><r><random-forest><overfitting>","1",""
"63819","1","Question","2019-11-26 21:19:02","1","44","<neural-network><deep-learning><image-classification><colab>","1",""
"63822","1","Question","2019-11-26 23:23:07","2","52","<deep-learning><cnn><lstm><rnn><sequence>","1",""
"63826","1","Question","2019-11-27 03:57:32","2","5715","<apache-spark><pyspark>","1",""
"63827","1","Question","2019-11-27 04:39:14","1","83","<reinforcement-learning><dqn><ai><actor-critic><monte-carlo>","1",""
"63828","1","Question","2019-11-27 05:05:04","1","177","<classification><regression><predictive-modeling><model-selection><features>","2",""
"63831","1","Question","2019-11-27 07:01:44","5","679","<xgboost><lightgbm><pruning><gradient-boosting-decision-trees><truncation-decision-trees>","1","1"
"63836","1","Question","2019-11-27 08:08:34","0","35","<deep-learning><loss-function><object-detection><overfitting>","0",""
"63839","1","Question","2019-11-27 09:42:22","2","234","<nlp><named-entity-recognition>","1",""
"63842","1","Question","2019-11-27 11:07:59","3","120","<predictive-modeling><multiclass-classification><class-imbalance><performance><sampling>","2",""
"63848","1","Question","2019-11-27 11:59:15","0","100","<keras><lstm><deep-learning>","1",""
"63855","1","Question","2019-11-27 12:54:54","3","986","<machine-learning><dataset><kaggle><google>","1","1"
"63857","1","Question","2019-11-27 13:11:23","1","221","<feature-engineering><preprocessing><categorical-data><correlation>","3","1"
"63860","1","Question","2019-11-27 13:40:55","0","501","<machine-learning><neural-network><deep-learning><classification><image-classification>","1",""
"63863","1","Question","2019-11-27 14:49:14","1","50","<machine-learning><python><statistics><data-science-model>","0",""
"63867","1","Question","2019-11-27 15:36:57","0","1572","<xgboost><python-3.x>","1",""
"63868","1","Question","2019-11-27 15:46:19","0","17","<deep-learning><dataset><image-classification><training><multilabel-classification>","0",""
"63872","1","Question","2019-11-27 17:17:53","1","859","<machine-learning><classification><xgboost>","1",""
"63874","1","Question","2019-11-27 17:42:07","2","57","<python><graphs><networkx>","2",""
"63875","1","Question","2019-11-27 17:48:16","0","55","<machine-learning><classification><multilabel-classification><accuracy>","2",""
"63878","1","Question","2019-11-27 18:12:52","0","20","<python><deep-learning><autoencoder><gan>","0",""
"63879","1","Question","2019-11-27 18:15:56","2","92","<gradient-descent>","0",""
"63880","1","Question","2019-11-27 18:57:12","0","77","<nlp><reinforcement-learning>","1",""
"63882","1","Question","2019-11-27 19:06:27","1","10","<nlp><reinforcement-learning><chatbot>","0",""
"63885","1","Question","2019-11-27 20:05:25","1","20","<machine-learning><keras>","1",""
"63892","1","Question","2019-11-27 22:55:28","1","16","<image-classification><image-recognition><object-detection><object-recognition>","0",""
"63895","1","Question","2019-11-28 02:46:03","1","1124","<classification><keras><tensorflow><training><gan>","1",""
"63900","1","Question","2019-11-28 06:35:49","1","970","<machine-learning><regularization><mathematics>","1",""
"63901","1","Question","2019-11-28 06:40:40","2","2214","<cross-validation>","1",""
"51492","1","Question","2019-05-06 12:08:14","0","207","<r><clustering><binary><numerical>","0",""
"51497","1","Question","2019-05-06 13:38:49","3","27","<machine-learning><rbf>","1",""
"51499","1","Question","2019-05-06 14:26:40","1","1752","<xgboost>","0","1"
"51506","1","Question","2019-05-06 15:52:27","0","23","<classification><feature-selection><feature-engineering>","0",""
"51509","1","Question","2019-05-06 17:28:59","1","91","<numpy><plotting><matplotlib>","1",""
"51512","1","Question","2019-05-06 21:04:57","1","60","<tensorflow><cnn><accuracy>","0",""
"51516","1","Question","2019-05-07 00:57:28","2","98","<machine-learning><cross-validation>","1",""
"51518","1","Question","2019-05-07 02:35:27","1","44","<machine-learning><feature-selection><linear-regression><orange>","0",""
"51520","1","Question","2019-05-07 04:30:36","0","844","<machine-learning><time-series><predictive-modeling>","4",""
"51522","1","Question","2019-05-07 04:53:18","3","4802","<machine-learning><nlp><transformer><bert>","2","2"
"51526","1","Question","2019-05-07 06:46:51","3","740","<reference-request><etl>","1",""
"51530","1","Question","2019-05-07 06:59:20","0","64","<clustering><k-means><features>","1",""
"51532","1","Question","2019-05-07 07:32:40","1","25","<machine-learning><neural-network><deep-learning><keras>","0","1"
"51536","1","Question","2019-05-07 09:30:35","2","1258","<python><tensorflow>","1","1"
"51537","1","Question","2019-05-07 09:57:53","0","82","<machine-learning><classification><clustering>","1",""
"51538","1","Question","2019-05-07 10:34:39","5","1031","<python><keras><cnn>","1","2"
"51542","1","Question","2019-05-07 12:17:01","0","21","<deep-learning><numpy><plotting><matplotlib><ipython>","0",""
"51544","1","Question","2019-05-07 13:06:36","1","29","<machine-learning><neural-network><deep-learning><keras><lstm>","1",""
"51545","1","Question","2019-05-07 13:07:40","7","1624","<machine-learning><neural-network><deep-learning><activation-function>","4","2"
"51546","1","Question","2019-05-07 13:17:37","-2","686","<python><pandas><csv>","2",""
"51554","1","Question","2019-05-07 13:59:10","4","1860","<python><pandas><jupyter><ipython>","3","1"
"51558","1","Question","2019-05-07 15:21:50","0","25","<r>","1",""
"51567","1","Question","2019-05-07 19:39:10","4","1155","<predictive-modeling><missing-data><data-imputation>","3",""
"51569","1","Question","2019-05-07 20:01:00","0","131","<machine-learning><python><scikit-learn>","1","0"
"51575","1","Question","2019-05-07 23:47:17","1","283","<neural-network><keras>","1",""
"51576","1","Question","2019-05-07 23:50:35","2","218","<recommender-system>","1","2"
"51578","1","Question","2019-05-07 23:53:25","0","20","<machine-learning><deep-learning><matlab><error-handling>","0",""
"51585","1","Question","2019-05-08 03:32:38","0","69","<python><scikit-learn><logistic-regression>","2",""
"51587","1","Question","2019-05-08 04:03:01","2","181","<time-series><clustering><k-means>","1",""
"51590","1","Question","2019-05-08 04:51:25","1","550","<python><random-forest>","0",""
"51591","1","Question","2019-05-08 05:07:30","2","5472","<feature-selection><correlation>","1","1"
"63903","1","Question","2019-11-28 06:55:37","0","18","<machine-learning><neural-network>","1",""
"63905","1","Question","2019-11-28 07:41:38","0","3213","<python><keras><tensorflow><batch-normalization>","1","1"
"63907","1","Question","2019-11-28 08:06:46","0","48","<clustering><multiclass-classification>","1",""
"63909","1","Question","2019-11-28 08:16:44","1","20","<machine-learning><bigdata>","1",""
"63912","1","Question","2019-11-28 08:33:24","1","48","<r><regression><decision-trees>","1",""
"63914","1","Question","2019-11-28 08:45:43","1","470","<keras><tensorflow><lstm><gpu><deep-learning>","0","1"
"63917","1","Question","2019-11-28 09:33:37","1","23","<machine-learning><loss-function><mse>","1",""
"63918","1","Question","2019-11-28 09:56:07","1","128","<python><deep-learning><lstm><preprocessing><loss-function>","1",""
"63919","1","Question","2019-11-28 09:58:38","2","4491","<python><evaluation><metric>","1",""
"63920","1","Question","2019-11-28 10:25:01","0","4208","<machine-learning><python><scikit-learn>","1",""
"63924","1","Question","2019-11-28 11:01:46","0","71","<classification><training><features>","2",""
"63925","1","Question","2019-11-28 11:33:16","0","70","<python><time-series><arima>","1","0"
"63928","1","Question","2019-11-28 11:45:03","0","25","<nlp>","1",""
"63931","1","Question","2019-11-28 12:52:28","1","23","<keras>","0","1"
"63933","1","Question","2019-11-28 13:10:22","0","91","<python><keras><lstm><loss-function><rnn>","2",""
"63934","1","Question","2019-11-28 14:03:55","1","12","<optimization>","0",""
"63938","1","Question","2019-11-28 14:56:55","1","681","<machine-learning><classification><image-classification><image-preprocessing>","4",""
"63941","1","Question","2019-11-28 16:37:53","0","47","<classification><dataset><class-imbalance>","1",""
"63947","1","Question","2019-11-28 17:49:22","2","40","<machine-learning><classification><transfer-learning>","4",""
"63951","1","Question","2019-11-28 20:27:40","2","727","<deep-learning><neural-network><transfer-learning><convolutional-neural-network>","2",""
"63953","1","Question","2019-11-28 21:19:34","1","114","<neural-network><keras>","2",""
"63957","1","Question","2019-11-28 23:57:56","1","14","<neural-network><cnn><statistics><preprocessing><normalization>","0",""
"63959","1","Question","2019-11-29 00:34:20","3","81","<deep-learning><classification><nlp><lstm><rnn>","2",""
"63961","1","Question","2019-11-29 01:59:22","1","277","<machine-learning><deep-learning><tensorflow><computer-vision>","1","1"
"63962","1","Question","2019-11-29 02:51:24","1","20","<machine-learning><python><reinforcement-learning><q-learning>","0",""
"63963","1","Question","2019-11-29 03:19:02","1","110","<machine-learning><time-series><class-imbalance>","0",""
"63964","1","Question","2019-11-29 04:12:57","2","285","<sentiment-analysis>","1",""
"63971","1","Question","2019-11-29 06:34:24","1","55","<keras><cnn><encoding><convolutional-neural-network><semi-supervised-learning>","1",""
"63974","1","Question","2019-11-29 07:24:18","1","1113","<pytorch><pytorch-geometric>","1",""
"63976","1","Question","2019-11-29 08:20:04","1","79","<machine-learning><neural-network><regression><autoencoder><vae>","0","1"
"63977","1","Question","2019-11-29 09:20:48","1","167","<machine-learning><machine-learning-model><generative-models>","1",""
"63978","1","Question","2019-11-29 09:42:50","1","47","<machine-learning><neural-network>","0",""
"63983","1","Question","2019-11-29 10:28:43","1","24","<reinforcement-learning><ai><actor-critic>","0",""
"63988","1","Question","2019-11-29 12:00:56","2","102","<r><clustering><decision-trees><k-means><evaluation>","1",""
"63991","1","Question","2019-11-29 12:57:57","0","506","<feature-selection><feature-engineering><data-science-model>","2",""
"63993","1","Question","2019-11-29 13:32:19","1","788","<machine-learning><python><deep-learning><image-classification><opencv>","1",""
"63995","1","Question","2019-11-29 13:44:52","0","183","<machine-learning><pca><dimensionality-reduction><representation>","1",""
"63997","1","Question","2019-11-29 14:24:55","0","464","<machine-learning><deep-learning><transformer>","2","1"
"64001","1","Question","2019-11-29 16:00:51","2","62","<machine-learning><nlp><gensim>","1",""
"64002","1","Question","2019-11-29 16:03:46","1","1803","<keras><tensorflow>","1","1"
"64004","1","Question","2019-11-29 17:42:45","1","502","<reinforcement-learning>","0","1"
"64006","1","Question","2019-11-29 17:50:49","2","684","<machine-learning><linear-regression><machine-learning-model><gradient-descent><feature-scaling>","2","2"
"64007","1","Question","2019-11-29 18:41:04","1","258","<keras><tensorflow><backpropagation><evolutionary-algorithms>","0",""
"64009","1","Question","2019-11-29 19:12:07","1","83","<data-mining><preprocessing><overfitting><class-imbalance><smote>","1",""
"64017","1","Question","2019-11-30 06:40:43","1","13","<deep-learning><attention-mechanism>","0",""
"64019","1","Question","2019-11-30 10:14:36","2","186","<machine-learning><python><dataset><sampling><bayesian-networks>","3",""
"51594","1","Question","2019-05-08 07:45:51","3","182","<python><keras><tensorflow><theano>","1",""
"51595","1","Question","2019-05-08 08:06:39","0","125","<dataset><image-recognition><mnist><ocr>","1",""
"51599","1","Question","2019-05-08 09:07:07","2","78","<classification><regression><loss-function>","3",""
"51600","1","Question","2019-05-08 09:34:09","1","39","<python><pandas>","1",""
"51603","1","Question","2019-05-08 09:56:15","2","782","<deep-learning><nvidia>","1",""
"51605","1","Question","2019-05-08 10:20:37","0","22","<data-science-model><numpy><plotting><matplotlib><ipython>","1",""
"51615","1","Question","2019-05-08 13:17:04","6","4654","<machine-learning><feature-selection><decision-trees>","1","1"
"51620","1","Question","2019-05-08 15:21:20","0","511","<machine-learning>","3",""
"51621","1","Question","2019-05-08 16:32:01","0","41","<machine-learning><python><pandas><multiclass-classification>","2",""
"51632","1","Question","2019-05-08 19:42:05","0","1392","<data><automatic-summarization><spss>","2",""
"51638","1","Question","2019-05-08 22:14:31","1","85","<machine-learning><nlp>","1",""
"51646","1","Question","2019-05-09 04:00:26","3","113","<machine-learning><python><r><boosting>","1","1"
"51647","1","Question","2019-05-09 05:17:20","5","139","<mathematics><simulation><monte-carlo>","1",""
"51648","1","Question","2019-05-09 05:35:08","0","67","<clustering><algorithms>","1",""
"51649","1","Question","2019-05-09 05:45:58","1","70","<machine-learning><machine-learning-model><distance><metric>","0","1"
"51653","1","Question","2019-05-09 06:53:49","0","1029","<keras><multitask-learning>","1",""
"51654","1","Question","2019-05-09 07:03:37","0","44","<machine-learning><python><cloud-computing>","1",""
"51655","1","Question","2019-05-09 07:05:27","0","2116","<machine-learning><dataset><supervised-learning><sentiment-analysis>","1",""
"51656","1","Question","2019-05-09 07:20:41","0","1178","<deep-learning><reinforcement-learning><pytorch>","0",""
"51657","1","Question","2019-05-09 07:40:11","0","23","<machine-learning><clustering><data><graphs>","0",""
"51659","1","Question","2019-05-09 08:13:38","0","37","<machine-learning><classification><predictive-modeling><prediction>","1",""
"51664","1","Question","2019-05-09 09:26:19","1","1064","<xgboost><hyperparameter><hyperparameter-tuning><bayesian><gbm>","0","1"
"51665","1","Question","2019-05-09 09:30:21","3","5601","<machine-learning><python><pandas><csv><kaggle>","1",""
"51668","1","Question","2019-05-09 10:11:55","3","156","<machine-learning><time-series><sequential-pattern-mining>","0","1"
"51670","1","Question","2019-05-09 11:38:55","1","32","<classification>","1","3"
"51671","1","Question","2019-05-09 11:53:26","2","6873","<keras><image-classification>","3",""
"51674","1","Question","2019-05-09 12:41:47","1","29","<r><data-cleaning><regex>","2",""
"51677","1","Question","2019-05-09 13:03:03","3","2441","<neural-network><backpropagation>","1",""
"51681","1","Question","2019-05-09 13:22:20","3","184","<python><pandas><dataframe><csv>","1",""
"51683","1","Question","2019-05-09 14:39:13","0","806","<keras><tensorflow><optimization><loss-function>","2",""
"51687","1","Question","2019-05-09 16:07:14","5","126","<python><neural-network><implementation>","1","1"
"51688","1","Question","2019-05-09 16:18:03","0","469","<python><data-mining><churn>","1",""
"51689","1","Question","2019-05-09 16:21:06","0","141","<machine-learning><word2vec><word-embeddings><nlp>","0",""
"51693","1","Question","2019-05-09 16:48:08","4","1207","<machine-learning><python><neural-network><keras>","0","1"
"51696","1","Question","2019-05-09 18:03:03","1","44","<python><computer-vision><image>","0",""
"51697","1","Question","2019-05-09 18:06:36","2","2075","<nlp><sequence><bert>","1",""
"51698","1","Question","2019-05-09 19:57:12","1","37","<bayesian-networks>","1",""
"51699","1","Question","2019-05-09 20:04:45","1","234","<tensorflow><dataset><lstm><rnn>","0",""
"51700","1","Question","2019-05-09 20:07:23","3","225","<deep-learning><tensorflow><dataset><lstm><rnn>","0",""
"51703","1","Question","2019-05-09 20:57:06","3","368","<cross-validation>","1","1"
"51708","1","Question","2019-05-09 23:37:44","1","61","<machine-learning><classification><regression>","2",""
"51710","1","Question","2019-05-10 00:11:33","0","231","<deep-learning><cnn><convolutional-neural-network>","1",""
"51714","1","Question","2019-05-10 03:06:31","2","57","<neural-network><optimization><mathematics>","2",""
"64020","1","Question","2019-11-30 11:57:32","2","40","<linear-regression><gradient-descent><numpy><seaborn><python-3.x>","1",""
"64022","1","Question","2019-11-30 12:31:00","8","5650","<neural-network><cnn><image-classification><perceptron>","4","8"
"64027","1","Question","2019-11-30 14:37:04","1","80","<python><logistic-regression>","0",""
"64029","1","Question","2019-11-30 15:53:24","5","77","<machine-learning><nlp><nltk><spacy>","3",""
"64030","1","Question","2019-11-30 16:02:45","1","35","<deep-learning><siamese-networks>","0",""
"64034","1","Question","2019-11-30 16:46:16","0","85","<feature-scaling><clustering>","1",""
"64035","1","Question","2019-11-30 17:50:03","1","16","<predictive-modeling>","0",""
"64037","1","Question","2019-11-30 21:16:49","1","33","<machine-learning><neural-network><deep-learning>","0",""
"64042","1","Question","2019-11-30 22:34:12","0","28","<machine-learning><neural-network><deep-learning><cnn><image-classification>","1",""
"64043","1","Question","2019-11-30 23:29:33","1","34","<machine-learning><r><cross-validation>","0",""
"64044","1","Question","2019-11-30 23:30:41","1","399","<machine-learning><keras><tensorflow><lstm><rnn>","1",""
"64047","1","Question","2019-12-01 00:16:55","1","41","<time-series><correlation><excel>","1",""
"64048","1","Question","2019-12-01 00:32:11","0","1327","<keras><tensorflow>","1","1"
"64050","1","Question","2019-12-01 04:21:05","1","22","<deep-learning><computer-vision>","1",""
"64051","1","Question","2019-12-01 04:58:14","1","104","<faster-rcnn><annotation>","0",""
"64053","1","Question","2019-12-01 05:54:40","1","276","<deep-learning><keras><autoencoder><dimensionality-reduction>","1",""
"64057","1","Question","2019-12-01 13:10:41","2","336","<cnn><convolution><image-segmentation>","1","1"
"64061","1","Question","2019-12-01 18:27:08","4","65","<machine-learning><classification><statistics><naive-bayes-classifier>","1","1"
"64067","1","Question","2019-12-01 23:19:07","2","260","<deep-learning><regression><generative-models><embeddings><labels>","1",""
"64069","1","Question","2019-12-02 00:10:20","1","61","<classification><cnn><overfitting><audio-recognition>","0",""
"64070","1","Question","2019-12-02 00:12:51","0","501","<neural-network><deep-learning><batch-normalization>","1","1"
"64072","1","Question","2019-12-02 05:29:22","1","24473","<tensorflow><cnn>","2",""
"64077","1","Question","2019-12-02 08:48:46","0","24","<dataset><normalization><distribution>","1",""
"64078","1","Question","2019-12-02 09:01:46","5","837","<machine-learning><lightgbm>","1",""
"64080","1","Question","2019-12-02 09:34:59","0","309","<python><cnn><pruning>","2",""
"64089","1","Question","2019-12-02 12:04:07","0","25","<k-means><supervised-learning>","1",""
"64092","1","Question","2019-12-02 14:31:39","1","137","<machine-learning><cross-validation>","2",""
"64094","1","Question","2019-12-02 14:40:33","1","104","<data><cross-validation>","2",""
"64097","1","Question","2019-12-02 15:02:05","1","463","<autoencoder>","1",""
"64100","1","Question","2019-12-02 15:40:23","0","95","<machine-learning><neural-network><classification><convolutional-neural-network>","1",""
"64107","1","Question","2019-12-02 18:18:16","1","48","<machine-learning><python><deep-learning><tensorflow><java>","1",""
"64113","1","Question","2019-12-02 19:16:35","5","776","<machine-learning><predictive-modeling><feature-selection><feature-engineering>","3","1"
"64114","1","Question","2019-12-02 19:33:49","2","21","<neural-network><autoencoder><generative-models>","0","1"
"64116","1","Question","2019-12-02 20:22:48","1","40","<machine-learning><keras><tensorflow><optimization>","2",""
"64118","1","Question","2019-12-02 20:49:16","4","415","<cnn><convolution>","1","1"
"64119","1","Question","2019-12-02 21:13:47","6","339","<reinforcement-learning>","2","2"
"64120","1","Question","2019-12-02 21:22:22","2","1399","<deep-learning><keras><sequence-to-sequence><language-model><attention-mechanism>","3","1"
"64122","1","Question","2019-12-02 22:25:26","2","51","<anomaly-detection>","1","1"
"64124","1","Question","2019-12-02 22:50:08","0","240","<python><pandas><dataframe><csv>","1",""
"64125","1","Question","2019-12-02 23:13:48","1","87","<r><data-wrangling><error-handling>","2",""
"64129","1","Question","2019-12-03 02:27:30","0","23","<keras><softmax>","0",""
"64131","1","Question","2019-12-03 03:34:10","0","8861","<colab>","1",""
"64135","1","Question","2019-12-03 07:09:10","0","27","<computer-vision><object-detection>","1",""
"64136","1","Question","2019-12-03 08:24:23","1","635","<python><nlp><nltk>","3",""
"64138","1","Question","2019-12-03 10:21:08","2","71","<machine-learning><python><machine-learning-model><kernel>","0",""
"64140","1","Question","2019-12-03 12:04:19","1","35","<classification><statistics><object-detection><matlab><confusion-matrix>","1",""
"64141","1","Question","2019-12-03 12:19:48","0","27","<machine-learning><statistics><performance>","1","1"
"64143","1","Question","2019-12-03 12:37:44","2","93","<regression><statistics>","1","0"
"51731","1","Question","2019-05-10 10:30:34","2","742","<machine-learning><deep-learning><performance>","2","1"
"51733","1","Question","2019-05-10 10:43:37","1","22","<machine-learning>","0","1"
"51735","1","Question","2019-05-10 11:21:10","0","59","<deep-learning><tensorflow><computer-vision><object-detection>","0",""
"51737","1","Question","2019-05-10 12:09:18","0","29","<deep-learning><tensorflow><computer-vision><object-detection>","0",""
"51740","1","Question","2019-05-10 12:20:40","0","46","<statistics><prediction><sequence>","2",""
"51744","1","Question","2019-05-10 13:03:04","1","2197","<classification><feature-selection><machine-learning-model><prediction>","2",""
"51749","1","Question","2019-05-10 13:54:36","3","341","<svm><loss-function><hinge-loss>","1",""
"51751","1","Question","2019-05-10 14:32:59","1","98","<neural-network><convolution><object-detection><faster-rcnn>","0",""
"51753","1","Question","2019-05-10 15:27:03","1","50","<machine-learning><statistics>","1",""
"51758","1","Question","2019-05-10 17:07:51","0","748","<python><machine-learning-model><pytorch><gaussian-process>","1",""
"51763","1","Question","2019-05-10 19:51:12","2","416","<deep-learning><cnn><computer-vision><scraping><fastai>","2",""
"51768","1","Question","2019-05-10 20:49:39","1","29","<data-formats><metadata>","0",""
"51776","1","Question","2019-05-11 07:18:14","1","37","<r><regression><predictive-modeling>","1",""
"51781","1","Question","2019-05-11 08:02:35","2","982","<pandas><matplotlib><seaborn>","1",""
"51785","1","Question","2019-05-11 08:36:07","8","5025","<nlp><sequence><bert><transformer>","1","4"
"51787","1","Question","2019-05-11 09:51:51","3","1587","<python><regression><linear-regression>","1",""
"51788","1","Question","2019-05-11 10:39:20","2","42","<python><deep-learning><tensorflow><computer-vision><object-detection>","0",""
"51789","1","Question","2019-05-11 10:46:12","2","137","<reinforcement-learning><q-learning><openai-gym>","0",""
"51790","1","Question","2019-05-11 12:22:09","2","1252","<machine-learning><r><regression><logistic-regression>","1",""
"51795","1","Question","2019-05-11 16:59:55","3","1702","<machine-learning><unsupervised-learning>","3",""
"51797","1","Question","2019-05-11 17:21:28","2","31","<r><dataframe><automatic-summarization>","0",""
"51800","1","Question","2019-05-11 18:08:55","1","311","<training><methodology>","1",""
"51801","1","Question","2019-05-11 18:10:23","1","52","<orange3>","0",""
"51805","1","Question","2019-05-11 20:18:22","0","110","<python><time-series><prediction>","1",""
"51808","1","Question","2019-05-11 22:40:28","5","745","<multiclass-classification><accuracy>","1","1"
"51809","1","Question","2019-05-12 00:57:05","1","16","<python><neural-network><deep-learning><tensorflow>","0",""
"51810","1","Question","2019-05-12 01:24:54","-1","41","<neural-network><classification>","1",""
"51813","1","Question","2019-05-12 06:17:19","6","3075","<classification><svm>","1","2"
"51815","1","Question","2019-05-12 07:35:58","1","107","<neural-network><preprocessing><normalization><feature-scaling><counts>","0",""
"51816","1","Question","2019-05-12 09:23:03","0","189","<classification><keras><tensorflow><multiclass-classification><multilabel-classification>","0",""
"51820","1","Question","2019-05-12 11:01:15","1","489","<machine-learning><r><data-mining>","1",""
"51821","1","Question","2019-05-12 11:39:57","3","35","<keras><time-series>","0",""
"51822","1","Question","2019-05-12 11:47:54","1","240","<deep-learning><keras><lstm>","1",""
"51824","1","Question","2019-05-12 11:55:11","0","24","<machine-learning><r><svm>","1",""
"51826","1","Question","2019-05-12 12:01:31","1","157","<machine-learning><deep-learning><nlp>","1",""
"64147","1","Question","2019-12-03 14:11:48","2","390","<classification><logistic-regression><probability>","1",""
"64149","1","Question","2019-12-03 15:50:33","2","173","<python><keras><time-series><stacked-lstm>","0",""
"64151","1","Question","2019-12-03 17:01:23","1","167","<machine-learning><deep-learning>","0",""
"64154","1","Question","2019-12-03 18:40:44","2","149","<tsne>","1",""
"64156","1","Question","2019-12-03 19:26:58","0","524","<neural-network><cnn><convolution>","1","1"
"64157","1","Question","2019-12-03 20:32:06","0","46","<categorical-data><pytorch><embeddings>","2",""
"64164","1","Question","2019-12-04 01:43:04","1","81","<deep-learning><cnn><multilabel-classification>","1",""
"64165","1","Question","2019-12-04 02:57:42","2","17","<machine-learning><regression><ensemble-modeling><lasso>","1",""
"64166","1","Question","2019-12-04 03:00:02","0","44","<machine-learning><scikit-learn><clustering><k-means>","2",""
"64178","1","Question","2019-12-04 07:36:01","1","81","<categorical-encoding><helmert-coding><james-stein-encoder>","0","1"
"64181","1","Question","2019-12-04 08:05:05","2","148","<machine-learning><machine-learning-model>","2",""
"64186","1","Question","2019-12-04 09:42:11","1","47","<evaluation><ocr>","1",""
"64188","1","Question","2019-12-04 10:00:38","1","9","<predictive-modeling>","0",""
"64197","1","Question","2019-12-04 11:05:47","1","81","<nlp><machine-translation><speech-to-text>","2",""
"64200","1","Question","2019-12-04 11:47:44","1","55","<machine-learning><deep-learning><rnn><transformer><attention-mechanism>","1",""
"64201","1","Question","2019-12-04 12:07:45","4","45","<machine-learning><neural-network><feature-engineering><training><overfitting>","1",""
"64203","1","Question","2019-12-04 12:56:48","1","90","<cnn><visualization>","1",""
"64205","1","Question","2019-12-04 13:15:55","1","48","<classification><loss-function><softmax><imbalanced-learn>","0",""
"64215","1","Question","2019-12-04 16:55:09","2","113","<machine-learning><regression><linear-regression><categorical-data>","5",""
"64218","1","Question","2019-12-04 17:15:43","1","74","<classification><scikit-learn>","1",""
"64222","1","Question","2019-12-04 18:15:57","1","48","<python><pandas>","2",""
"64226","1","Question","2019-12-04 20:13:51","1","167","<neural-network><cross-validation><training><accuracy>","2",""
"64228","1","Question","2019-12-04 21:29:37","1","81","<classification><dataset>","0",""
"64232","1","Question","2019-12-04 23:43:14","2","106","<clustering><preprocessing><outlier><noise>","1",""
"51828","1","Question","2019-05-12 12:18:01","1","101","<machine-learning><deep-learning><keras><cnn><confusion-matrix>","0",""
"51829","1","Question","2019-05-12 12:19:54","2","913","<keras><cnn><image-classification>","1",""
"51831","1","Question","2019-05-12 12:50:57","1","1363","<python><cross-validation><training><grid-search>","1",""
"51837","1","Question","2019-05-12 14:12:19","0","735","<unsupervised-learning><supervised-learning><anomaly-detection><semi-supervised-learning>","3",""
"51838","1","Question","2019-05-12 15:19:46","1","128","<pandas>","1",""
"51846","1","Question","2019-05-12 18:32:57","4","293","<regression><learning>","2","1"
"51857","1","Question","2019-05-12 23:17:00","1","42","<machine-learning><deep-learning><classification><keras><lstm>","1",""
"51860","1","Question","2019-05-13 02:44:35","9","571","<keras><cnn><lstm><image-classification><transfer-learning>","1","2"
"51861","1","Question","2019-05-13 02:50:37","1","398","<apache-spark>","0",""
"51865","1","Question","2019-05-13 03:52:14","2","87","<machine-learning><classification><data-mining><recommender-system><ranking>","2",""
"51873","1","Question","2019-05-13 09:14:17","2","310","<machine-learning><preprocessing><normalization><feature-scaling>","1","1"
"51882","1","Question","2019-05-13 12:20:16","0","676","<neural-network><classification><accuracy>","0",""
"51887","1","Question","2019-05-13 13:27:13","0","43","<feature-selection><feature-reduction>","2",""
"51889","1","Question","2019-05-13 13:29:03","1","198","<deep-learning><regression><statistics>","1",""
"51890","1","Question","2019-05-13 14:01:52","13","35268","<python><scikit-learn><pandas><missing-data>","4","7"
"51893","1","Question","2019-05-13 14:19:18","3","145","<deep-learning><optimization><pytorch><gan>","1",""
"51897","1","Question","2019-05-13 15:45:44","0","75","<machine-learning><classification><logistic-regression><convergence>","1",""
"51904","1","Question","2019-05-13 18:47:37","1","19","<machine-learning><neural-network><deep-learning><dataset><lstm>","0",""
"51908","1","Question","2019-05-13 20:53:58","1","1181","<scikit-learn><dataframe><pipelines>","2","1"
"51911","1","Question","2019-05-14 02:07:52","1","18","<image-recognition>","0",""
"51916","1","Question","2019-05-14 03:26:53","1","19","<python><mathematics><linear-algebra>","0",""
"51917","1","Question","2019-05-14 03:29:11","1","198","<machine-learning><machine-learning-model><databases><data-product>","2",""
"51919","1","Question","2019-05-14 05:09:00","1","22","<neural-network>","0",""
"51925","1","Question","2019-05-14 05:49:35","3","193","<classification><perceptron>","2",""
"51926","1","Question","2019-05-14 06:03:19","1","68","<naive-bayes-classifier><homework>","1",""
"51928","1","Question","2019-05-14 07:29:24","1","38","<data-analysis>","1",""
"51929","1","Question","2019-05-14 08:02:28","1","96","<python><keras><tensorflow>","0",""
"64233","1","Question","2019-12-05 00:03:56","5","66","<classification><multiclass-classification><text>","2",""
"64235","1","Question","2019-12-05 01:58:30","1","150","<python><time-series>","1",""
"64238","1","Question","2019-12-05 05:06:05","2","26","<python><statistics><data><distribution><descriptive-statistics>","1",""
"64240","1","Question","2019-12-05 06:11:16","1","147","<neural-network><tensorflow><data-cleaning><bigdata><preprocessing>","2",""
"64248","1","Question","2019-12-05 08:13:04","0","108","<cnn><loss-function><pytorch>","1",""
"64253","1","Question","2019-12-05 09:07:28","0","80","<machine-learning><data-mining><dataset><data><data-cleaning>","2",""
"64254","1","Question","2019-12-05 10:34:50","1","160","<sequence-to-sequence><bert><machine-translation><transformer><attention-mechanism>","0",""
"64260","1","Question","2019-12-05 11:33:17","20","18345","<correlation><pearsons-correlation-coefficient><spearmans-rank-correlation><kendalls-tau-coefficient>","1","14"
"64262","1","Question","2019-12-05 11:53:58","1","17","<loss-function><softmax>","0",""
"64265","1","Question","2019-12-05 13:18:57","0","258","<classification><pandas><dataframe><groupby>","1",""
"64273","1","Question","2019-12-05 14:01:23","3","76","<predictive-modeling>","1",""
"64278","1","Question","2019-12-05 15:14:15","6","15256","<machine-learning><neural-network><cnn>","3","5"
"64280","1","Question","2019-12-05 15:49:05","1","51","<recommender-system><aws>","1",""
"64285","1","Question","2019-12-05 17:25:30","2","44","<deep-learning><classification><ensemble-modeling><distribution>","0",""
"64286","1","Question","2019-12-05 17:35:06","1","355","<machine-learning><neural-network><cnn><image-classification>","1",""
"64289","1","Question","2019-12-05 18:47:32","1","71","<image-classification><decision-trees>","2","1"
"64290","1","Question","2019-12-05 18:49:45","2","206","<machine-learning><python><time-series><unsupervised-learning><anomaly-detection>","1","1"
"64294","1","Question","2019-12-05 19:16:41","2","191","<machine-learning><neural-network><cnn><overfitting><regularization>","2",""
"64302","1","Question","2019-12-05 22:37:13","11","658","<feature-scaling>","6","6"
"64304","1","Question","2019-12-06 00:22:55","1","11","<efficiency>","0",""
"64305","1","Question","2019-12-06 00:59:07","1","440","<python><xgboost><lime>","0",""
"64309","1","Question","2019-12-06 03:01:30","0","48","<python>","0",""
"64310","1","Question","2019-12-06 03:01:57","0","89","<time-series><supervised-learning>","1","1"
"64312","1","Question","2019-12-06 04:08:43","4","40","<dataset><deep-learning>","1","2"
"64314","1","Question","2019-12-06 06:02:30","1","1364","<python><metric>","1",""
"64315","1","Question","2019-12-06 06:07:37","0","43","<deep-learning><image-classification><computer-vision>","2",""
"64317","1","Question","2019-12-06 06:28:12","1","25","<machine-learning><neural-network><backpropagation><numpy>","0",""
"51934","1","Question","2019-05-14 09:39:34","2","126","<classification><nlp><multi-instance-learning>","1",""
"51935","1","Question","2019-05-14 09:45:32","1","1426","<machine-learning><python><feature-selection><numpy><kaggle>","2",""
"51936","1","Question","2019-05-14 09:59:06","1","189","<machine-learning><r><predictive-modeling><logistic-regression><evaluation>","1",""
"51937","1","Question","2019-05-14 10:04:10","3","52","<machine-learning><python><deep-learning><opencv>","0",""
"51939","1","Question","2019-05-14 10:20:29","2","779","<machine-learning><time-series><lstm><rnn><forecasting>","1",""
"51941","1","Question","2019-05-14 11:04:52","1","22","<decision-trees><cost-function>","1",""
"51946","1","Question","2019-05-14 07:00:14","6","622","<keras><tools>","2","1"
"51951","1","Question","2019-05-14 12:18:47","0","208","<dimensionality-reduction><matrix-factorisation>","1",""
"51952","1","Question","2019-05-14 12:42:43","1","1173","<machine-learning><nlp><spacy>","1",""
"51955","1","Question","2019-05-14 14:19:08","3","1312","<python><visualization><data-cleaning><similarity><jaccard-coefficient>","1","2"
"51956","1","Question","2019-05-14 14:34:06","2","26","<deep-learning><data-science-model><nlp>","0",""
"51957","1","Question","2019-05-14 14:42:54","1","56","<neural-network><cnn><rnn>","1",""
"51959","1","Question","2019-05-14 15:04:33","1","27","<neural-network><image-classification><image-recognition><image>","0",""
"51960","1","Question","2019-05-14 15:42:14","1","41","<score>","0",""
"51961","1","Question","2019-05-14 15:51:10","1","106","<deep-learning><cnn><rnn>","0",""
"51965","1","Question","2019-05-14 17:41:34","3","167","<classification><ensemble-modeling>","1","2"
"51970","1","Question","2019-05-14 20:21:28","1","4851","<python><scikit-learn><clustering><cosine-distance>","1",""
"51972","1","Question","2019-05-14 21:02:46","1","39","<rnn><forecast>","1",""
"51973","1","Question","2019-05-14 21:22:08","4","62","<machine-learning><deep-learning>","1",""
"51976","1","Question","2019-05-14 22:33:20","0","433","<feature-selection><random-forest>","1",""
"51979","1","Question","2019-05-15 01:29:43","0","1003","<python><pandas><data-cleaning>","1",""
"51982","1","Question","2019-05-15 02:50:49","1","475","<machine-learning><naive-bayes-classifier>","1",""
"51983","1","Question","2019-05-15 03:05:46","2","2222","<machine-learning><scikit-learn><decision-trees>","4","1"
"51984","1","Question","2019-05-15 03:13:57","0","40","<machine-learning><cross-validation>","1",""
"51989","1","Question","2019-05-15 07:18:22","1","85","<deep-learning>","1",""
"51992","1","Question","2019-05-15 08:12:08","0","1339","<data><data-cleaning><beginner>","2",""
"51993","1","Question","2019-05-15 08:20:09","2","35","<machine-learning><reinforcement-learning>","0",""
"51994","1","Question","2019-05-15 08:26:08","1","31","<data><databases>","0",""
"51995","1","Question","2019-05-15 08:41:30","1","247","<clustering><orange>","1",""
"51996","1","Question","2019-05-15 08:46:13","1","44","<machine-learning><neural-network><time-series>","0",""
"51999","1","Question","2019-05-15 09:16:38","1","439","<feature-scaling><clustering>","1",""
"52000","1","Question","2019-05-13 11:59:26","3","1545","<nlp><programming><text>","1",""
"52004","1","Question","2019-05-15 11:06:57","1","96","<predictive-modeling><cross-validation><evaluation><jupyter>","0",""
"52006","1","Question","2019-05-15 12:53:46","1","104","<machine-learning>","2",""
"52007","1","Question","2019-05-15 12:58:50","0","454","<apache-hadoop><map-reduce>","2",""
"52011","1","Question","2019-05-15 14:28:20","1","241","<text-mining><orange>","0",""
"52012","1","Question","2019-05-15 14:32:04","2","264","<neural-network><hyperparameter><explainable-ai>","1",""
"52013","1","Question","2019-05-15 14:41:17","1","94","<python><visualization><web-scraping>","0",""
"52015","1","Question","2019-05-15 15:00:40","18","11084","<computer-vision><object-detection>","1","6"
"52016","1","Question","2019-05-15 15:16:57","4","1635","<clustering><pca>","1",""
"52022","1","Question","2019-05-15 16:27:36","0","23","<interpolation>","0",""
"52023","1","Question","2019-05-15 16:53:46","6","187","<regression><statistics><supervised-learning><mathematics>","1",""
"52025","1","Question","2019-05-15 04:44:48","1","39","<machine-learning><classification><python>","1",""
"52026","1","Question","2019-05-15 17:55:40","1","45","<nlp><word2vec><word-embeddings><gensim>","0",""
"64323","1","Question","2019-12-06 10:59:04","5","12310","<nlp><bert>","2",""
"64325","1","Question","2019-12-06 11:33:12","3","89","<machine-learning><xgboost><boosting>","0",""
"64326","1","Question","2019-12-06 11:50:33","2","2967","<keras><tensorflow><sequence-to-sequence><bert><machine-translation>","1","1"
"64332","1","Question","2019-12-06 13:48:21","1","1193","<python><tsne>","2",""
"64338","1","Question","2019-12-06 15:44:04","2","166","<machine-learning><neural-network><keras><lstm>","0",""
"64339","1","Question","2019-12-06 15:56:46","1","17","<python><topic-model><lda>","0",""
"64340","1","Question","2019-12-06 16:16:56","5","722","<machine-learning><neural-network><cnn><interpretation>","1","1"
"64343","1","Question","2019-12-06 16:44:25","2","33","<machine-learning><unsupervised-learning><supervised-learning><semi-supervised-learning>","1",""
"64345","1","Question","2019-12-06 17:13:23","2","77","<deep-learning><cnn><model-selection>","3","1"
"64346","1","Question","2019-12-06 17:32:44","1","11","<variance>","0",""
"64351","1","Question","2019-12-06 18:27:50","1","72","<machine-learning><neural-network><cnn><image-classification>","1",""
"64353","1","Question","2019-12-06 19:08:04","4","98","<clustering><k-means>","2",""
"64355","1","Question","2019-12-06 20:13:09","1","477","<machine-learning><nlp><sentiment-analysis><nltk><classifier>","2",""
"64358","1","Question","2019-12-06 22:27:22","5","82","<machine-learning><recommender-system><evaluation><information-retrieval><cosine-distance>","1",""
"64363","1","Question","2019-12-07 06:47:28","0","310","<machine-learning><python><neural-network><keras><tensorflow>","2","2"
"64364","1","Question","2019-12-07 08:12:22","2","25","<regression><computer-vision><objective-function>","0",""
"64365","1","Question","2019-12-07 10:14:02","0","47","<dataset><cross-validation><matlab>","1",""
"64373","1","Question","2019-12-07 14:08:10","1","198","<dataset><class-imbalance><smote>","1",""
"64374","1","Question","2019-12-07 14:35:18","0","37","<machine-learning><python><dataset>","1",""
"64376","1","Question","2019-12-07 15:07:22","1","263","<machine-learning><scikit-learn><svm><metric><auc>","0",""
"64377","1","Question","2019-12-07 15:28:30","0","19","<machine-learning><linear-regression>","1",""
"64378","1","Question","2019-12-07 15:36:35","0","398","<r><regression><predictive-modeling><logistic-regression><data-science-model>","2",""
"64381","1","Question","2019-12-07 15:43:47","4","50","<evaluation><information-retrieval><ranking>","1","1"
"64383","1","Question","2019-12-07 16:23:28","1","242","<python><scikit-learn><visualization><decision-trees>","2","2"
"64388","1","Question","2019-12-07 20:44:59","3","349","<multiclass-classification>","1",""
"64389","1","Question","2019-12-07 23:30:07","0","54","<machine-learning><regression>","1",""
"64392","1","Question","2019-12-08 02:18:00","3","775","<python><scikit-learn><linear-regression><multilabel-classification>","0","1"
"64393","1","Question","2019-12-08 04:34:18","1","43","<python><scikit-learn><random-forest><hyperparameter-tuning><grid-search>","1",""
"64394","1","Question","2019-12-08 04:35:46","3","2183","<machine-learning><r><feature-selection><linear-regression><collinearity>","1","3"
"64396","1","Question","2019-12-08 06:20:18","1","145","<machine-learning><classification>","0",""
"64400","1","Question","2019-12-08 07:54:51","1","281","<machine-learning><classification><feature-engineering><recommender-system>","1",""
"64401","1","Question","2019-12-08 08:19:39","0","27","<machine-learning><time-series><regression><statistics><loss-function>","1",""
"64402","1","Question","2019-12-08 08:41:36","1","36","<machine-learning><neural-network><cnn>","0",""
"64403","1","Question","2019-12-08 09:46:47","1","30","<pandas><python-3.x>","1",""
"64412","1","Question","2019-12-08 12:27:19","5","4456","<python><keras><feature-extraction><autoencoder>","1","1"
"64414","1","Question","2019-12-08 12:48:57","1","524","<keras><tensorflow><matlab>","1",""
"64417","1","Question","2019-12-08 13:30:19","1","26","<machine-learning><svm><mathematics><implementation>","0",""
"64418","1","Question","2019-12-08 13:30:54","1","300","<machine-learning><keras><loss-function>","1",""
"64419","1","Question","2019-12-08 14:08:23","1","32","<neural-network><classification><random-forest><binary><gbm>","0",""
"64422","1","Question","2019-12-08 14:55:50","1","22","<machine-learning><predictive-modeling><logistic-regression><data-science-model>","1",""
"64425","1","Question","2019-12-08 15:16:12","1","46","<machine-learning><neural-network><cnn><overfitting>","1","1"
"64426","1","Question","2019-12-08 15:16:23","2","58","<rnn>","0",""
"64427","1","Question","2019-12-08 15:49:45","2","524","<python><classification><svm><nlp>","3",""
"64428","1","Question","2019-12-08 16:15:27","3","442","<scikit-learn>","1",""
"64433","1","Question","2019-12-08 17:29:11","3","2703","<deep-learning><tensorflow><rnn><sequence-to-sequence><attention-mechanism>","1","1"
"64435","1","Question","2019-12-08 18:12:23","2","22","<r><missing-data><spss>","0",""
"64436","1","Question","2019-12-08 18:40:46","0","610","<regression><cross-validation>","1",""
"64437","1","Question","2019-12-08 21:10:49","1","47","<classification>","1",""
"64438","1","Question","2019-12-08 22:01:36","1","47","<machine-learning><deep-learning><research>","0",""
"64441","1","Question","2019-12-08 23:17:19","19","28485","<classification><metric><binary>","2","11"
"64444","1","Question","2019-12-09 00:10:55","2","197","<python><nlp><word-embeddings><spacy>","1","1"
"52027","1","Question","2019-05-15 18:23:39","0","558","<visualization>","2",""
"52028","1","Question","2019-05-15 18:29:33","2","1588","<cnn><loss-function>","2","1"
"52032","1","Question","2019-05-15 21:02:07","1","15","<data-cleaning>","0",""
"52036","1","Question","2019-05-15 23:57:09","2","2819","<python><scikit-learn><random-forest><grid-search><gridsearchcv>","2",""
"52039","1","Question","2019-05-16 01:49:18","1","230","<machine-learning><attention-mechanism>","2","1"
"52040","1","Question","2019-05-16 01:50:07","0","49","<feature-selection><feature-extraction><feature-engineering><correlation>","1",""
"52045","1","Question","2019-05-16 05:57:10","0","42","<clustering>","1",""
"52046","1","Question","2019-05-16 06:03:30","6","142","<evaluation><score>","2","1"
"52047","1","Question","2019-05-16 06:50:58","1","62","<machine-learning><r><xgboost><sampling>","0",""
"52054","1","Question","2019-05-16 07:54:07","1","184","<machine-learning><bigdata><xgboost><data-science-model>","1",""
"52060","1","Question","2019-05-16 09:49:53","3","604","<machine-learning><neural-network><autoencoder>","2",""
"52061","1","Question","2019-05-16 09:55:12","2","565","<dataset>","2",""
"52063","1","Question","2019-05-16 10:35:38","1","298","<python><pytorch>","1",""
"52064","1","Question","2019-05-16 10:57:08","1","110","<machine-learning><python><r><anomaly-detection><outlier>","2","1"
"52065","1","Question","2019-05-16 11:48:39","1","443","<keras><cnn><image-classification><confusion-matrix>","1",""
"52066","1","Question","2019-05-16 11:58:05","7","4313","<machine-learning><decision-trees>","4",""
"52067","1","Question","2019-05-16 12:24:46","0","35","<classification><time-series><model-selection>","0",""
"52073","1","Question","2019-05-16 13:14:07","1","89","<time-series><visualization>","0",""
"52077","1","Question","2019-05-16 14:11:40","4","234","<keras><reinforcement-learning><implementation>","0",""
"52080","1","Question","2019-05-16 14:47:42","0","544","<beginner><opencv>","1",""
"52086","1","Question","2019-05-16 17:07:37","6","109","<deep-learning><cnn><image-classification>","2",""
"52087","1","Question","2019-05-16 17:24:20","0","359","<python><keras><lstm>","1",""
"52096","1","Question","2019-05-16 21:29:26","0","168","<clustering><geospatial><dbscan>","1",""
"52097","1","Question","2019-05-16 21:50:38","3","3044","<xgboost><survival-analysis>","1","2"
"52099","1","Question","2019-05-16 22:43:41","0","33","<autoencoder>","1",""
"52104","1","Question","2019-05-17 03:16:20","3","76","<machine-learning><classification><regression>","2",""
"52108","1","Question","2019-05-17 07:20:08","1","146","<python><regression><multiclass-classification><sequence>","1",""
"52109","1","Question","2019-05-17 08:16:25","1","114","<word2vec><word-embeddings><gbm>","0",""
"52110","1","Question","2019-05-17 08:33:43","1","43","<reinforcement-learning>","0",""
"52112","1","Question","2019-05-17 09:29:55","0","415","<bigdata><apache-spark><dataframe><scala>","0",""
"52114","1","Question","2019-05-17 10:49:54","1","987","<machine-learning>","3",""
"52115","1","Question","2019-05-17 11:37:15","0","113","<classification><churn>","1",""
"52116","1","Question","2019-05-17 11:55:59","1","139","<machine-learning><time-series><recommender-system>","1","1"
"52118","1","Question","2019-05-17 13:02:53","3","559","<pyspark><transformer>","1",""
"52121","1","Question","2019-05-17 13:45:01","1","46","<game><sports>","0",""
"52124","1","Question","2019-05-17 14:39:09","0","48","<keras>","1",""
"52125","1","Question","2019-05-17 14:43:53","1","666","<machine-learning><evaluation>","2",""
"52126","1","Question","2019-05-17 15:43:54","1","69","<dataset><bigdata><data-cleaning><data-wrangling>","3","1"
"52130","1","Question","2019-05-17 17:17:12","2","1732","<python><scikit-learn><scoring>","1",""
"52134","1","Question","2019-05-17 20:42:10","3","69","<machine-learning><clustering><k-means>","3","0"
"52137","1","Question","2019-05-17 21:54:15","0","110","<python><keras><prediction><evaluation>","0",""
"52142","1","Question","2019-05-17 23:11:13","1","160","<deep-learning><overfitting><regularization>","3","1"
"52144","1","Question","2019-05-18 01:08:28","1","3732","<machine-learning><neural-network>","2","1"
"52155","1","Question","2019-05-18 11:03:04","1","44","<machine-learning><deep-learning><cnn>","1",""
"52157","1","Question","2019-05-18 13:13:32","15","8040","<machine-learning><cost-function>","2","7"
"52167","1","Question","2019-05-18 18:44:32","1","174","<nlp>","1",""
"52168","1","Question","2019-05-18 18:58:18","1","105","<kaggle>","1",""
"52170","1","Question","2019-05-18 19:27:20","0","49","<machine-learning><r><rstudio>","2",""
"52173","1","Question","2019-05-18 20:14:10","1","2098","<python><tensorflow><numpy>","0",""
"52177","1","Question","2019-05-19 00:30:25","0","22","<nlp>","1",""
"52178","1","Question","2019-05-19 01:39:56","0","46","<keras><gan><mnist>","1",""
"52179","1","Question","2019-05-19 01:55:36","1","55","<machine-learning><time-series><statistics>","1",""
"64445","1","Question","2019-12-09 01:29:01","1","15","<python><data><pytorch>","0",""
"64447","1","Question","2019-12-09 05:15:05","2","856","<machine-learning><scikit-learn><cross-validation><model-selection>","2",""
"64450","1","Question","2019-12-09 05:40:54","1","24","<decision-trees>","0",""
"64452","1","Question","2019-12-09 06:37:29","0","244","<rnn><pytorch><c++>","0",""
"64455","1","Question","2019-12-09 08:34:37","3","5409","<python><clustering><k-means><distance>","2","4"
"64459","1","Question","2019-12-09 09:19:08","-1","39","<regression>","1",""
"64460","1","Question","2019-12-09 09:24:28","3","313","<categorical-data><categorical-encoding>","1",""
"64462","1","Question","2019-12-09 09:32:26","1","45","<data-mining><predictive-modeling><class-imbalance>","1",""
"64466","1","Question","2019-12-09 09:49:25","1","65","<machine-learning><deep-learning><classification><nlp><word-embeddings>","3",""
"64471","1","Question","2019-12-09 10:13:11","2","528","<machine-learning><weka>","2",""
"64477","1","Question","2019-12-09 12:18:36","0","80","<classification><keras>","1","1"
"64481","1","Question","2019-12-09 14:00:41","0","123","<clustering><k-means><unsupervised-learning><topic-model>","2",""
"64482","1","Question","2019-12-09 14:06:41","2","818","<keras><tensorflow><time-series><lstm>","2",""
"64486","1","Question","2019-12-09 14:59:53","8","4733","<google><colab>","2","1"
"64489","1","Question","2019-12-09 15:30:28","0","415","<regression><correlation><python-3.x><pearsons-correlation-coefficient>","1",""
"64490","1","Question","2019-12-09 15:32:31","1","100","<python><dummy-variables>","1",""
"64498","1","Question","2019-12-09 17:52:47","3","84","<multiclass-classification><class-imbalance>","2","0"
"64499","1","Question","2019-12-09 18:15:35","1","553","<machine-learning><svm><loss-function><hinge-loss>","0","1"
"64501","1","Question","2019-12-09 19:40:09","2","97","<neural-network><reinforcement-learning>","1","2"
"64503","1","Question","2019-12-09 20:45:31","3","48","<classification><multiclass-classification><sequence>","1",""
"64505","1","Question","2019-12-09 22:01:37","0","26","<predictive-modeling>","0",""
"64506","1","Question","2019-12-09 22:05:28","0","35","<machine-learning><deep-learning><classification><keras><csv>","1",""
"64509","1","Question","2019-12-09 22:37:50","1","34","<machine-learning><python><data-science-model>","1",""
"64511","1","Question","2019-12-09 22:58:07","1","116","<scikit-learn>","1",""
"64517","1","Question","2019-12-10 01:24:14","1","12","<neural-network><classification><keras><predictive-modeling><ensemble-modeling>","0",""
"64520","1","Question","2019-12-10 02:01:12","1","176","<deep-learning><classification><tensorflow><regression>","1",""
"64521","1","Question","2019-12-10 02:33:10","0","10705","<python>","2",""
"64525","1","Question","2019-12-10 03:13:26","0","59","<deep-learning><nlp><generative-models><generalization>","1",""
"64526","1","Question","2019-12-10 05:14:02","0","25","<machine-learning><deep-learning><computer-vision><pytorch><convolution>","0",""
"64528","1","Question","2019-12-10 06:31:11","0","66","<machine-learning><time-series><training>","1",""
"64532","1","Question","2019-12-10 07:45:33","0","164","<machine-learning><neural-network><keras><tensorflow><metric>","1",""
"64533","1","Question","2019-12-10 07:48:55","1","52","<overfitting>","1","1"
"64538","1","Question","2019-12-10 09:30:33","0","388","<machine-learning><neural-network><cnn><image-classification>","3","1"
"64542","1","Question","2019-12-10 10:12:05","0","36","<nlp><text-mining><data-science-model><social-network-analysis>","2",""
"64543","1","Question","2019-12-10 10:38:44","1","35","<neural-network><mse>","1",""
"64548","1","Question","2019-12-10 12:03:07","1","173","<python><deep-learning>","1",""
"64551","1","Question","2019-12-10 12:49:25","1","25","<r><time-series><forecasting>","0",""
"64552","1","Question","2019-12-10 12:50:07","0","105","<machine-learning><cnn><image-classification><neural>","1",""
"64558","1","Question","2019-12-10 13:22:39","0","289","<python><neural-network><deep-learning><regression><pytorch>","0",""
"64559","1","Question","2019-12-10 13:25:13","0","77","<machine-learning><classification><class-imbalance>","0",""
"52184","1","Question","2019-05-19 03:29:16","1","17","<decision-trees><boosting><scoring>","0",""
"52188","1","Question","2019-05-19 07:03:16","2","2305","<machine-learning><neural-network><tensorflow><regression>","3",""
"52190","1","Question","2019-05-19 07:07:45","1","3707","<machine-learning><python><pandas><data-science-model><numpy>","1",""
"52197","1","Question","2019-05-19 11:31:55","2","100","<neural-network><deep-learning>","1",""
"52198","1","Question","2019-05-19 12:16:19","1","416","<machine-learning><classification><data-mining><decision-trees>","1",""
"52201","1","Question","2019-05-19 13:49:36","2","485","<machine-learning><python><classification><feature-selection>","2","1"
"52204","1","Question","2019-05-19 14:37:20","3","2649","<python><categorical-data><encoding>","2","1"
"52206","1","Question","2019-05-19 15:35:19","4","118","<neural-network>","1",""
"52209","1","Question","2019-05-19 15:56:58","0","148","<neural-network><perceptron>","1",""
"52214","1","Question","2019-05-19 18:36:38","1","39","<machine-learning><classification>","0",""
"52221","1","Question","2019-05-19 22:38:41","1","738","<machine-learning><gaussian><discriminant-analysis>","1",""
"52222","1","Question","2019-05-20 00:30:54","2","658","<classification><class-imbalance>","2",""
"52228","1","Question","2019-05-20 02:28:14","0","1433","<powerbi>","1",""
"52232","1","Question","2019-05-20 04:11:25","1","428","<machine-learning><dataset>","2",""
"52238","1","Question","2019-05-20 06:05:46","0","4448","<python><nlp>","3",""
"52242","1","Question","2019-05-20 08:04:47","6","117","<cnn><svm><kernel>","1","1"
"52246","1","Question","2019-05-20 09:46:42","0","35","<machine-learning><rnn>","0",""
"52248","1","Question","2019-05-20 10:37:07","2","3842","<neural-network><deep-learning><keras><lstm><rnn>","3",""
"52254","1","Question","2019-05-20 12:33:39","1","34","<classification><object-detection><softmax>","1",""
"52258","1","Question","2019-05-20 12:52:56","4","215","<nlp><text-mining><similarity><information-retrieval>","4","2"
"52260","1","Question","2019-05-20 13:01:16","4","1417","<clustering><terminology>","1","2"
"52261","1","Question","2019-05-20 13:03:34","0","728","<keras><cnn><inceptionresnetv2>","0",""
"52267","1","Question","2019-05-20 14:09:31","1","92","<machine-learning><tensorflow><gan>","0",""
"52273","1","Question","2019-05-20 16:08:52","0","41","<machine-learning><classification><dataset><regression>","1",""
"52275","1","Question","2019-05-20 16:20:48","1","260","<classification><multilabel-classification>","1","0"
"52276","1","Question","2019-05-20 16:26:36","1","1065","<python><keras><image-classification><multiclass-classification><vgg16>","0",""
"52282","1","Question","2019-05-20 17:53:24","1","1142","<classification><encoding><data-imputation>","2",""
"52284","1","Question","2019-05-20 20:12:46","0","57","<machine-learning><terminology>","2",""
"52289","1","Question","2019-05-20 23:20:04","0","113","<machine-learning><neural-network><clustering>","4",""
"52290","1","Question","2019-05-20 23:24:31","2","986","<neural-network><deep-learning><keras>","2",""
"52291","1","Question","2019-05-21 01:20:57","1","104","<lstm><rnn><text-generation><automatic-summarization><nlg>","0",""
"52293","1","Question","2019-05-21 02:53:04","0","1052","<deep-learning><keras><cnn><image-preprocessing>","1","1"
"52294","1","Question","2019-05-21 02:56:57","1","115","<deep-learning><image-classification><transfer-learning>","1",""
"52309","1","Question","2019-05-21 08:31:57","0","180","<machine-learning><neural-network><regression>","1",""
"52311","1","Question","2019-05-21 09:02:26","0","92","<deep-learning><regression><xgboost>","3",""
"52318","1","Question","2019-05-21 11:24:52","2","253","<deep-learning><classification><dataset><computer-vision>","2","1"
"52319","1","Question","2019-05-21 12:05:06","0","63","<bigdata><visualization><plotting><data-analysis><matplotlib>","1",""
"52320","1","Question","2019-05-21 12:57:01","0","1202","<machine-learning><python><dataset>","0",""
"52325","1","Question","2019-05-21 14:01:05","2","127","<random-forest><svm><logistic-regression><model-selection>","2","1"
"52329","1","Question","2019-05-21 15:00:33","0","889","<python><predictive-modeling><statistics>","1",""
"52330","1","Question","2019-05-21 15:22:11","1","53","<machine-learning><python><classification><supervised-learning><labels>","0",""
"52336","1","Question","2019-05-21 19:40:52","0","73","<linear-regression><data-science-model>","3",""
"52343","1","Question","2019-05-21 20:29:57","0","484","<pandas><bigdata><dataframe>","0","1"
"52345","1","Question","2019-05-21 21:01:03","0","18","<machine-learning><regression><statistics><correlation><descriptive-statistics>","0",""
"52346","1","Question","2019-05-21 21:09:27","1","81","<text-mining><orange>","0",""
"52347","1","Question","2019-05-21 21:10:25","0","233","<neural-network><keras><linear-regression>","3",""
"52348","1","Question","2019-05-21 21:24:38","1","5386","<scikit-learn><gridsearchcv>","1",""
"52351","1","Question","2019-05-21 21:56:11","4","685","<visualization>","2","1"
"52352","1","Question","2019-05-21 22:22:19","5","1876","<neural-network><autoencoder><vae>","1",""
"52353","1","Question","2019-05-21 22:27:38","0","193","<machine-learning><k-means>","1",""
"52359","1","Question","2019-05-22 01:27:59","1","31","<classification><dataset><similarity>","2",""
"52360","1","Question","2019-05-22 01:54:06","0","46","<classification><random-forest>","1",""
"52367","1","Question","2019-05-22 03:25:28","2","586","<machine-learning><nlp>","2",""
"52372","1","Question","2019-05-22 04:57:01","1","108","<lstm><rnn>","0",""
"52374","1","Question","2019-05-22 05:24:13","1","90","<keras><lstm>","0",""
"52376","1","Question","2019-05-22 06:05:44","0","1158","<object-detection><text><ocr>","1",""
"52377","1","Question","2019-05-22 06:13:29","1","46","<keras>","1",""
"52383","1","Question","2019-05-22 09:15:58","0","57","<machine-learning><neural-network><deep-learning>","1",""
"52384","1","Question","2019-05-22 09:21:33","0","973","<deep-learning><lstm>","2",""
"52385","1","Question","2019-05-22 09:40:19","1","17","<classification><binary>","0",""
"52388","1","Question","2019-05-22 10:17:45","0","47","<keras><gan><hyperparameter><generative-models><parameter>","1",""
"64564","1","Question","2019-12-10 14:26:40","0","2670","<machine-learning><cnn><image-classification>","2",""
"64570","1","Question","2019-12-10 15:46:39","0","1143","<python><scikit-learn><k-nn><mathematics>","1",""
"64577","1","Question","2019-12-10 16:46:33","0","124","<keras><tensorflow><convolutional-neural-network>","1",""
"64578","1","Question","2019-12-10 17:14:49","1","188","<machine-learning><text-mining>","2",""
"64579","1","Question","2019-12-10 17:38:33","0","28","<sentiment-analysis><twitter>","1",""
"64582","1","Question","2019-12-10 18:26:30","1","86","<object-recognition><ocr>","1","2"
"64583","1","Question","2019-12-10 18:31:43","8","787","<deep-learning><bert><finetuning>","1","1"
"64584","1","Question","2019-12-10 18:40:53","1","60","<machine-learning><clustering><unsupervised-learning>","0",""
"64586","1","Question","2019-12-10 18:56:23","1","46","<clustering><unsupervised-learning>","2",""
"64588","1","Question","2019-12-10 19:02:53","1","226","<keras><r><word-embeddings>","0",""
"64591","1","Question","2019-12-10 19:25:42","2","246","<scikit-learn><clustering><algorithms>","2",""
"64592","1","Question","2019-12-10 19:28:02","2","94","<python><deep-learning><accuracy>","1",""
"64601","1","Question","2019-12-10 23:07:24","2","57","<reinforcement-learning><policy-gradients>","1","1"
"64608","1","Question","2019-12-11 05:20:27","1","1593","<machine-learning><python><time-series><rnn><overfitting>","2",""
"64613","1","Question","2019-12-11 07:27:44","0","399","<neural-network><deep-learning><loss-function><epochs>","2",""
"64617","1","Question","2019-12-11 08:17:16","0","39","<time-series><data-mining><predictive-modeling><statistics><feature-engineering>","1",""
"64619","1","Question","2019-12-11 08:44:38","1","8","<python><object-detection><ocr>","0","1"
"64620","1","Question","2019-12-11 08:45:23","0","30","<scikit-learn><image-classification><k-means><geospatial>","1",""
"64623","1","Question","2019-12-11 09:27:05","1","89","<python><scikit-learn><dataset><svm>","2",""
"64626","1","Question","2019-12-11 09:44:14","4","200","<machine-learning><regression>","2","2"
"64630","1","Question","2019-12-11 10:26:06","1","282","<data><feature-engineering><encoding>","2",""
"64631","1","Question","2019-12-11 10:32:55","2","41","<time-series><rnn>","1","1"
"64637","1","Question","2019-12-11 11:00:52","3","3256","<classification><keras>","1",""
"64646","1","Question","2019-12-11 12:52:16","1","42","<dataset><imbalanced-learn>","1","1"
"64648","1","Question","2019-12-11 14:03:34","2","80","<machine-learning><reinforcement-learning><gradient-descent><policy-gradients><derivation>","1",""
"64649","1","Question","2019-12-11 14:14:46","2","34","<machine-learning><dataset><feature-selection><feature-engineering><data-analysis>","1",""
"64651","1","Question","2019-12-11 14:17:50","2","324","<nlp><dataset>","1",""
"64658","1","Question","2019-12-11 16:13:37","2","49","<nlp><r><cross-validation><naive-bayes-classifier>","0",""
"64659","1","Question","2019-12-11 16:22:26","0","36","<python><tensorflow><transformer>","1",""
"52391","1","Question","2019-05-22 11:18:32","3","84","<data><visualization><dimensionality-reduction><tsne>","1",""
"52393","1","Question","2019-05-22 11:59:52","2","122","<time-series><bigdata>","2",""
"52395","1","Question","2019-05-22 12:13:21","2","278","<python><time-series><forecasting>","0",""
"52396","1","Question","2019-05-22 12:23:38","0","321","<python><deep-learning><keras><reinforcement-learning><dqn>","0",""
"52398","1","Question","2019-05-22 12:35:43","2","397","<machine-learning><linear-regression><orange>","1","1"
"52400","1","Question","2019-05-22 13:08:53","0","41","<machine-learning><classification><evaluation>","3",""
"52405","1","Question","2019-05-22 14:43:07","0","47","<cnn><ocr>","1",""
"52407","1","Question","2019-05-22 15:07:37","0","70","<machine-learning><neural-network><deep-learning><classification>","1",""
"52413","1","Question","2019-05-22 17:39:26","1","1201","<gradient-descent><pytorch>","1","0"
"52415","1","Question","2019-05-22 17:56:02","1","206","<machine-learning><python><predictive-modeling><data-science-model><model-selection>","2",""
"52416","1","Question","2019-05-22 18:15:38","0","52","<classification>","2",""
"52418","1","Question","2019-05-22 18:27:44","1","23","<classification><logistic-regression><classifier>","0",""
"52419","1","Question","2019-05-22 18:48:40","0","26","<neural-network><deep-learning><json>","1",""
"52425","1","Question","2019-05-22 21:36:45","0","6816","<r><linear-regression><machine-learning-model>","1",""
"52426","1","Question","2019-05-22 22:27:31","1","70","<cnn><normalization><softmax>","1",""
"52427","1","Question","2019-05-22 23:16:17","1","133","<neural-network><deep-learning><classification><random-forest><machine-learning-model>","1",""
"52431","1","Question","2019-05-23 01:46:55","4","3205","<keras><lstm>","1",""
"52432","1","Question","2019-05-23 02:00:35","3","913","<keras><lstm><accuracy>","4",""
"52433","1","Question","2019-05-23 02:02:57","1","41","<machine-learning><clustering><anomaly-detection><outlier>","1",""
"52435","1","Question","2019-05-23 04:17:46","11","1747","<deep-learning><cnn><image-classification><image-preprocessing>","2","2"
"52436","1","Question","2019-05-23 04:31:17","1","57","<cnn>","1",""
"52437","1","Question","2019-05-23 04:34:07","1","68","<machine-learning><python><pandas><numpy>","0",""
"52440","1","Question","2019-05-23 07:14:39","0","386","<machine-learning><keras><machine-learning-model>","0",""
"52441","1","Question","2019-05-23 07:20:37","1","144","<classification><decision-trees><feature-engineering>","1",""
"52442","1","Question","2019-05-23 07:24:24","0","80","<neural-network><keras><scikit-learn><linear-regression>","1",""
"52445","1","Question","2019-05-23 07:48:33","20","3494","<image-classification><image-recognition>","7","5"
"52446","1","Question","2019-05-23 07:59:54","1","514","<python>","1",""
"52451","1","Question","2019-05-23 10:21:29","1","136","<data-mining><dataset>","3",""
"52453","1","Question","2019-05-23 10:46:24","3","146","<machine-learning><neural-network><keras>","0",""
"52456","1","Question","2019-05-23 10:53:39","1","67","<machine-learning><deep-learning><algorithms><opencv>","1",""
"52459","1","Question","2019-05-23 11:34:08","0","1249","<machine-learning><linear-regression><unsupervised-learning><supervised-learning>","3",""
"52460","1","Question","2019-05-23 11:47:11","0","327","<classification><prediction><multilabel-classification><metric><imbalanced-learn>","1",""
"52464","1","Question","2019-05-23 12:59:19","0","50","<machine-learning><classification><r><random-forest>","1",""
"52469","1","Question","2019-05-23 13:18:39","1","256","<nlp><word2vec><text-generation>","1",""
"52475","1","Question","2019-05-23 14:50:37","1","539","<python><nlp>","1",""
"52476","1","Question","2019-05-23 14:57:11","6","4584","<machine-learning><machine-learning-model><data-science-model><ipython>","1","1"
"64660","1","Question","2019-12-11 16:35:23","1","23","<python><pandas><data><dataframe>","1","1"
"64664","1","Question","2019-12-11 18:52:51","1","28","<machine-learning><python><time-series><regression>","0",""
"64668","1","Question","2019-12-11 23:10:15","2","17","<machine-learning><feature-selection><random-forest><feature-engineering>","1","1"
"64675","1","Question","2019-12-12 06:22:26","0","36","<visualization>","2",""
"64681","1","Question","2019-12-12 09:25:07","0","17","<kaggle><competitions>","1",""
"64683","1","Question","2019-12-12 09:36:25","0","61","<rnn><autoencoder><learning>","2",""
"64684","1","Question","2019-12-12 09:39:29","0","429","<nlp><bert><text-generation>","1",""
"64685","1","Question","2019-12-12 10:21:52","1","33","<nlp>","1",""
"64690","1","Question","2019-12-12 10:31:59","1","748","<machine-learning><neural-network><cnn>","0",""
"64692","1","Question","2019-12-12 11:15:25","2","20","<databases><privacy>","1",""
"64693","1","Question","2019-12-12 11:46:57","0","14","<feature-engineering>","1",""
"64694","1","Question","2019-12-12 11:47:54","0","1131","<python><scikit-learn><multiclass-classification><accuracy><metric>","1",""
"64700","1","Question","2019-12-12 12:44:31","0","310","<keras><tensorflow>","1",""
"64701","1","Question","2019-12-12 12:49:57","1","477","<data-analysis><scoring>","1",""
"64703","1","Question","2019-12-12 14:13:09","1","46","<deep-learning><machine-translation>","1",""
"64704","1","Question","2019-12-12 14:18:54","1","66","<neural-network><r><hyperparameter><hyperparameter-tuning>","1",""
"64706","1","Question","2019-12-12 14:30:36","1","180","<classification><class-imbalance><binary>","2",""
"64707","1","Question","2019-12-12 14:46:34","2","328","<recommender-system><apache-spark><evaluation><pyspark><metric>","1","1"
"64708","1","Question","2019-12-12 14:59:21","1","53","<neural-network><activation-function>","0",""
"64712","1","Question","2019-12-12 16:02:57","0","51","<geospatial>","2",""
"64713","1","Question","2019-12-12 16:06:38","0","73","<python><clustering><k-means><pca>","1",""
"64714","1","Question","2019-12-12 17:03:11","5","184","<nlp><word-embeddings><topic-model>","1",""
"64717","1","Question","2019-12-12 19:15:56","1","55","<deep-learning><loss-function><autoencoder>","2",""
"64719","1","Question","2019-12-12 20:00:42","2","142","<machine-learning><python><regression><forecasting><arima>","0","1"
"64722","1","Question","2019-12-12 21:21:58","0","118","<machine-learning><r><regression>","1",""
"64723","1","Question","2019-12-12 21:43:35","0","35","<machine-learning><cross-validation>","1",""
"64724","1","Question","2019-12-12 22:15:31","1","12","<dataset><finance><annotation>","0",""
"64731","1","Question","2019-12-13 00:29:31","1","2798","<python><logistic-regression><error-handling>","1",""
"64732","1","Question","2019-12-13 00:50:48","2","195","<machine-learning><python><normalization><batch-normalization>","1","1"
"64739","1","Question","2019-12-13 04:04:52","0","52","<python><dataframe><mathematics>","1",""
"64742","1","Question","2019-12-13 06:26:22","-2","162","<machine-learning><deep-learning><keras><data-mining>","1",""
"52490","1","Question","2019-05-23 18:47:46","1","35","<nlp>","1",""
"52493","1","Question","2019-05-23 19:57:35","1","690","<keras><tensorflow><cnn><lstm>","1",""
"52495","1","Question","2019-05-23 21:29:12","0","76","<machine-learning><data-mining><encoding>","1",""
"52497","1","Question","2019-05-23 22:05:53","1","91","<python><feature-extraction><feature-engineering>","1",""
"52501","1","Question","2019-05-24 00:01:58","5","837","<distance><k-nn><manhattan>","1","4"
"52505","1","Question","2019-05-24 02:01:59","1","615","<similarity><jaccard-coefficient>","1",""
"52508","1","Question","2019-05-24 02:59:13","1","74","<training><bias>","1",""
"52511","1","Question","2019-05-24 06:46:23","-1","41","<r>","1",""
"52512","1","Question","2019-05-24 07:03:04","1","90","<machine-learning><data><error-handling>","1",""
"52513","1","Question","2019-05-24 07:07:12","2","278","<keras>","1","2"
"52515","1","Question","2019-05-24 08:18:25","1","74","<machine-learning><clustering><pca><dimensionality-reduction>","3",""
"52516","1","Question","2019-05-24 08:38:33","1","237","<python><tensorflow><numpy>","1","1"
"52517","1","Question","2019-05-24 08:40:04","1","23","<neural-network><regression><activation-function>","1","1"
"52523","1","Question","2019-05-24 09:37:31","2","699","<machine-learning><multiclass-classification><confusion-matrix>","1","1"
"52529","1","Question","2019-05-24 11:47:00","2","116","<text-mining><orange>","1",""
"52535","1","Question","2019-05-24 12:34:48","1","96","<machine-learning><cnn><image-classification><multiclass-classification>","1",""
"52542","1","Question","2019-05-24 14:10:52","1","53","<linear-regression><gradient-descent>","1",""
"52547","1","Question","2019-05-24 14:50:44","0","139","<machine-learning><nlp><statistics>","0",""
"52551","1","Question","2019-05-24 15:07:33","0","24","<time-series><dataset><forecasting>","0",""
"52554","1","Question","2019-05-24 15:35:08","0","299","<scikit-learn><evaluation><performance>","1",""
"52556","1","Question","2019-05-24 16:42:09","0","8610","<linear-regression>","1",""
"52560","1","Question","2019-05-24 17:19:49","0","172","<data-cleaning><preprocessing>","2","1"
"52563","1","Question","2019-05-24 17:54:31","3","662","<python><pandas><visualization><matplotlib><seaborn>","0",""
"52565","1","Question","2019-05-24 18:51:59","3","444","<python><classification><time-series><dataset>","1",""
"52568","1","Question","2019-05-24 21:36:23","1","205","<machine-learning><apache-spark><pyspark><clustering>","2",""
"52570","1","Question","2019-05-24 22:09:22","1","1747","<machine-learning><logistic-regression><correlation>","1","2"
"52571","1","Question","2019-05-24 22:34:15","2","424","<machine-learning><deep-learning><optimization>","1","1"
"52576","1","Question","2019-05-25 04:55:01","3","282","<regression><linear-regression>","1",""
"52579","1","Question","2019-05-25 05:55:19","1","156","<data-mining><bigdata><parsing>","1",""
"52580","1","Question","2019-05-25 05:58:33","0","32","<data-mining><dataset><feature-extraction><rnn>","1",""
"52582","1","Question","2019-05-25 06:17:57","2","59","<machine-learning><deep-learning><regression><predictive-modeling><transfer-learning>","1",""
"64743","1","Question","2019-12-13 07:01:46","2","1314","<machine-learning><deep-learning><spacy>","1",""
"64745","1","Question","2019-12-13 07:18:57","2","65","<python><adaboost>","0",""
"64746","1","Question","2019-12-13 07:39:13","2","58","<neural-network><backpropagation><softmax>","1",""
"64750","1","Question","2019-12-13 08:26:35","0","24","<python>","2",""
"64751","1","Question","2019-12-13 08:39:36","0","30","<machine-learning><deep-learning><classification><tensorflow><multilabel-classification>","1",""
"64754","1","Question","2019-12-13 09:42:49","0","25","<visualization>","0",""
"64755","1","Question","2019-12-13 10:03:01","1","18","<regression><correlation><mutual-information>","1",""
"64756","1","Question","2019-12-13 10:11:27","2","216","<machine-learning><deep-learning><data-mining><dataset><predictive-modeling>","2","1"
"64762","1","Question","2019-12-13 11:57:48","1","174","<machine-learning><neural-network><keras><time-series><cross-validation>","0",""
"64764","1","Question","2019-12-13 12:15:59","16","3247","<machine-learning><data-product>","7","7"
"64767","1","Question","2019-12-13 12:41:32","4","170","<machine-learning><cross-validation><hyperparameter-tuning>","1",""
"64769","1","Question","2019-12-13 12:54:29","0","1491","<deep-learning><time-series><regression><lstm>","1",""
"64770","1","Question","2019-12-13 13:41:16","1","903","<machine-learning><data-mining><predictive-modeling><feature-selection><cross-validation>","1",""
"64772","1","Question","2019-12-13 13:49:15","1","31","<machine-learning><neural-network><cnn><transfer-learning>","0",""
"64773","1","Question","2019-12-13 13:51:02","1","430","<r>","1",""
"64775","1","Question","2019-12-13 14:49:27","2","38","<keras>","0",""
"64777","1","Question","2019-12-13 15:38:04","2","98","<cross-validation><ensemble-modeling><hyperparameter>","2","1"
"64779","1","Question","2019-12-13 16:21:38","2","78","<machine-learning><time-series><feature-selection><aggregation>","1",""
"64780","1","Question","2019-12-13 16:40:47","0","563","<machine-learning><neural-network><keras><cnn>","0",""
"64782","1","Question","2019-12-13 17:23:20","1","118","<machine-learning><neural-network><cnn><image-classification>","0",""
"64786","1","Question","2019-12-13 18:53:55","1","56","<machine-learning><time-series><unsupervised-learning><distribution>","1",""
"64787","1","Question","2019-12-13 19:00:54","3","83","<deep-learning><predictive-modeling><accuracy><efficiency>","1",""
"64790","1","Question","2019-12-13 19:37:04","0","43","<machine-learning><neural-network><deep-learning><cnn><image-classification>","1",""
"64795","1","Question","2019-12-13 20:21:09","0","31","<machine-learning><deep-learning><data-mining><dataset><data-cleaning>","2",""
"64796","1","Question","2019-12-13 20:23:25","1","1248","<linear-regression><xgboost>","1","1"
"64800","1","Question","2019-12-13 21:26:04","1","32","<machine-learning><neural-network><cnn><image-classification><colab>","1",""
"64811","1","Question","2019-12-14 04:29:27","1","44","<automl>","0",""
"64812","1","Question","2019-12-14 06:00:05","0","198","<deep-learning><gpu><google-cloud>","0","1"
"64817","1","Question","2019-12-14 07:14:42","0","46","<r>","1",""
"64819","1","Question","2019-12-14 07:56:48","0","74","<machine-learning><feature-engineering><data-science-model>","0",""
"64820","1","Question","2019-12-14 08:13:22","0","55","<machine-learning><neural-network><cnn><image-classification>","0",""
"64821","1","Question","2019-12-14 08:26:30","0","482","<python><statistics><numpy>","1",""
"64823","1","Question","2019-12-14 09:43:59","-1","87","<machine-learning><clustering><lstm><bigdata><geospatial>","1",""
"64827","1","Question","2019-12-14 12:15:21","1","150","<attention-mechanism>","1","1"
"52583","1","Question","2019-05-25 07:09:23","0","131","<machine-learning><dataset><cross-validation>","1",""
"52584","1","Question","2019-05-25 07:54:20","0","165","<python><anaconda>","2",""
"52593","1","Question","2019-05-25 11:18:20","0","131","<machine-learning><python><neural-network><keras><mlp>","1",""
"52594","1","Question","2019-05-25 11:23:11","0","113","<cnn><data-science-model>","1",""
"52601","1","Question","2019-05-25 13:05:12","1","75","<clustering><optimization><evolutionary-algorithms>","2",""
"52610","1","Question","2019-05-25 14:39:48","4","119","<python><time-series><lstm>","1","1"
"52613","1","Question","2019-05-25 16:48:30","6","8672","<python><pandas>","2","3"
"52615","1","Question","2019-05-25 17:00:16","1","1342","<machine-learning><regression><linear-regression>","2",""
"52616","1","Question","2019-05-25 17:34:09","3","67","<time-series><predictive-modeling><forecast>","1",""
"52620","1","Question","2019-05-25 19:39:24","1","86","<neural-network><reinforcement-learning><gradient-descent><backpropagation><openai-gym>","0",""
"52626","1","Question","2019-05-26 01:01:50","0","133","<text>","1",""
"52627","1","Question","2019-05-26 01:09:55","5","5594","<multiclass-classification><class-imbalance><smote>","2","3"
"52628","1","Question","2019-05-26 01:58:15","8","2510","<time-series><data>","6","1"
"52629","1","Question","2019-05-26 04:15:21","3","71","<nlp>","1","1"
"52630","1","Question","2019-05-26 04:38:57","1","1060","<python><data-formats>","1",""
"52632","1","Question","2019-05-26 06:15:52","9","9229","<machine-learning><cross-validation>","3","8"
"52640","1","Question","2019-05-26 09:24:10","0","147","<python><keras><tensorflow><loss-function>","0",""
"52647","1","Question","2019-05-26 10:24:56","2","5598","<machine-learning><regression><random-forest><linear-regression>","4","1"
"52653","1","Question","2019-05-26 11:55:36","2","59","<python><matlab>","2","1"
"52654","1","Question","2019-05-26 12:00:34","1","47","<classification><bigdata>","2","1"
"52655","1","Question","2019-05-26 12:26:06","1","27","<data><data-cleaning>","1",""
"52657","1","Question","2019-05-26 14:14:21","0","169","<competitions><coursera>","1",""
"52658","1","Question","2019-05-26 14:33:33","0","23","<machine-learning><predictive-modeling><model-selection>","1",""
"52662","1","Question","2019-05-26 14:43:22","2","281","<keras><lstm><autoencoder>","0",""
"52670","1","Question","2019-05-26 18:08:35","0","44","<keras><metric><error-handling><colab>","2",""
"52679","1","Question","2019-05-26 20:44:47","3","78","<linear-regression>","1","1"
"52687","1","Question","2019-05-27 01:37:55","2","173","<machine-learning><scikit-learn><regression>","1",""
"52691","1","Question","2019-05-27 04:24:21","0","44","<data-mining><dataset><data><prediction><preprocessing>","1",""
"52692","1","Question","2019-05-27 04:46:15","1","26","<machine-learning>","1",""
"52696","1","Question","2019-05-27 08:07:43","1","1428","<python><nlp>","0",""
"52697","1","Question","2019-05-27 08:49:11","0","155","<python><scikit-learn><multilabel-classification>","1","1"
"52698","1","Question","2019-05-27 09:30:48","1","484","<clustering><unsupervised-learning>","4",""
"52699","1","Question","2019-05-27 09:38:48","1","142","<convolutional-neural-network>","2",""
"52704","1","Question","2019-05-27 11:11:10","4","5817","<python><scikit-learn><k-nn>","4","2"
"52709","1","Question","2019-05-27 12:56:40","4","829","<machine-learning><classification>","1","1"
"52712","1","Question","2019-05-27 13:59:14","0","25","<machine-learning><python><numpy>","0",""
"52714","1","Question","2019-05-27 14:14:40","0","28","<machine-learning><time-series><lstm><rnn><finance>","1",""
"52716","1","Question","2019-05-27 14:50:21","1","1382","<neural-network><deep-learning><keras><autoencoder>","1","1"
"52717","1","Question","2019-05-27 15:01:02","1","109","<python><xgboost><gbm>","1",""
"52719","1","Question","2019-05-27 15:48:21","6","1241","<nlp><word2vec><word-embeddings><transfer-learning><bert>","2","1"
"64829","1","Question","2019-12-14 12:30:50","2","24221","<machine-learning><neural-network><cnn><pandas><image-classification>","1",""
"64834","1","Question","2019-12-14 15:41:02","1","54","<overfitting><hyperparameter-tuning><convolutional-neural-network><grid-search><gridsearchcv>","1",""
"64835","1","Question","2019-12-14 17:17:29","3","72","<machine-learning><evaluation><model-selection><plotting>","2",""
"64836","1","Question","2019-12-14 17:23:50","1","174","<machine-learning><neural-network><cnn><transfer-learning>","1",""
"64840","1","Question","2019-12-14 19:07:28","2","49","<machine-learning><neural-network><deep-learning><reinforcement-learning><q-learning>","0",""
"64844","1","Question","2019-12-14 20:21:42","0","173","<keras><tensorflow><accuracy>","1",""
"64846","1","Question","2019-12-14 20:33:02","1","31","<classification>","0",""
"64847","1","Question","2019-12-14 20:44:16","1","36","<machine-learning><deep-learning><keras><overfitting>","0",""
"64851","1","Question","2019-12-15 00:02:21","1","435","<cnn><batch-normalization><mini-batch-gradient-descent>","1",""
"64852","1","Question","2019-12-15 00:28:11","2","19","<machine-learning><ensemble-modeling>","1",""
"64855","1","Question","2019-12-15 04:47:00","0","2543","<python><pandas>","3",""
"64856","1","Question","2019-12-15 05:28:25","1","264","<machine-learning><data-mining><predictive-modeling><feature-selection><feature-engineering>","1",""
"64859","1","Question","2019-12-15 07:42:58","2","53","<machine-learning><python><neural-network><classification><dataset>","1",""
"64861","1","Question","2019-12-15 09:33:33","0","257","<machine-learning><plotting><seaborn><heatmap>","1",""
"64870","1","Question","2019-12-15 12:24:55","1","2506","<python><spyder>","1",""
"64871","1","Question","2019-12-15 12:45:54","1","436","<machine-learning><deep-learning><data-mining><predictive-modeling><evaluation>","1",""
"64872","1","Question","2019-12-15 13:09:24","0","37","<machine-learning><neural-network><feature-engineering><feature-extraction><convolutional-neural-network>","2",""
"64875","1","Question","2019-12-15 13:31:36","0","98","<machine-learning><neural-network><cnn><image-classification><regularization>","0",""
"64877","1","Question","2019-12-15 14:07:37","2","2407","<python>","1","1"
"64878","1","Question","2019-12-15 14:31:20","1","217","<machine-learning><data-mining><predictive-modeling><feature-selection><feature-engineering>","1",""
"64880","1","Question","2019-12-15 15:13:38","2","4016","<colab>","3",""
"64883","1","Question","2019-12-15 17:12:05","0","192","<keras><word-embeddings><nlp><ensemble-modeling><gensim>","1",""
"64885","1","Question","2019-12-15 17:24:41","0","739","<scikit-learn><feature-selection><decision-trees>","1",""
"64886","1","Question","2019-12-15 18:49:41","0","45","<machine-learning><neural-network><r><xgboost><hyperparameter>","0",""
"64887","1","Question","2019-12-15 19:40:20","1","14","<python><neural-network><backpropagation><mathematics><matrix>","0",""
"64889","1","Question","2019-12-15 20:13:49","1","22","<machine-learning><neural-network>","1",""
"64891","1","Question","2019-12-16 00:04:14","1","99","<machine-learning><nlp>","0",""
"64899","1","Question","2019-12-16 04:33:00","1","448","<reinforcement-learning>","1",""
"64900","1","Question","2019-12-16 05:27:00","0","70","<k-means><pyspark><online-learning>","1",""
"64905","1","Question","2019-12-16 07:28:45","0","393","<feature-selection><random-forest><machine-learning-model>","1",""
"64906","1","Question","2019-12-16 07:34:53","0","69","<machine-learning><deep-learning><predictive-modeling><feature-selection><feature-engineering>","1",""
"64910","1","Question","2019-12-16 08:18:46","2","96","<python><classification><class-imbalance>","1",""
"64912","1","Question","2019-12-16 10:07:54","0","43","<scikit-learn><text-mining><recommender-system><tfidf>","1",""
"64915","1","Question","2019-12-16 10:36:46","0","37","<machine-learning><training><loss-function><accuracy>","0","2"
"64921","1","Question","2019-12-16 11:50:15","1","804","<regression><pandas><feature-engineering><normalization><feature-scaling>","2","2"
"64922","1","Question","2019-12-16 12:11:41","1","52","<neural-network><deep-learning><scikit-learn><cross-validation><mlp>","1",""
"64925","1","Question","2019-12-16 13:12:32","2","112","<logistic-regression><python-3.x>","2",""
"64928","1","Question","2019-12-16 14:14:33","1","8","<neural-network><feature-selection>","0",""
"64929","1","Question","2019-12-16 14:24:51","-1","532","<scikit-learn><random-forest><probability><implementation><predict>","1",""
"64930","1","Question","2019-12-16 14:38:17","1","98","<neural-network><deep-learning><keras><convolution>","0",""
"64932","1","Question","2019-12-16 14:47:46","2","94","<machine-learning><deep-learning><data-mining><predictive-modeling><grid-search>","2",""
"64934","1","Question","2019-12-16 15:04:23","1","209","<python><categorical-data><dummy-variables><one-hot-encoding><categorical-encoding>","2",""
"64938","1","Question","2019-12-16 17:42:06","0","28","<python><jupyter>","1",""
"64943","1","Question","2019-12-16 22:40:47","1","44","<machine-learning><confusion-matrix>","1",""
"64945","1","Question","2019-12-16 23:22:28","3","339","<classification><clustering><k-means>","1","1"
"64951","1","Question","2019-12-17 03:48:55","1","26","<image-classification><computer-vision><image-recognition><image-preprocessing><image>","1",""
"64953","1","Question","2019-12-17 04:15:49","1","49","<machine-learning><r>","1",""
"64956","1","Question","2019-12-17 06:11:37","1","264","<deep-learning><tensorflow><reinforcement-learning>","1",""
"64957","1","Question","2019-12-17 06:28:19","1","54","<deep-learning><keras><image-classification>","0",""
"64958","1","Question","2019-12-17 07:16:10","2","941","<machine-learning><deep-learning><predictive-modeling><feature-selection><hyperparameter>","2",""
"64960","1","Question","2019-12-17 07:40:56","2","163","<time-series><cross-validation>","0",""
"64961","1","Question","2019-12-17 08:05:23","1","95","<deep-learning><word2vec><nlp>","1",""
"64962","1","Question","2019-12-17 08:36:30","1","218","<deep-learning><keras><lstm>","1",""
"64963","1","Question","2019-12-17 09:09:06","1","54","<machine-learning><python><keras>","1",""
"64964","1","Question","2019-12-17 09:27:32","2","109","<machine-learning><xgboost><prediction>","0",""
"64965","1","Question","2019-12-17 09:41:30","0","1289","<python><matplotlib><confusion-matrix>","1",""
"64966","1","Question","2019-12-17 09:51:55","2","45","<machine-learning><classification><text>","1",""
"64973","1","Question","2019-12-17 10:44:41","1","15","<machine-learning><data><3d-reconstruction>","0",""
"52723","1","Question","2019-05-27 17:01:51","3","816","<word-embeddings><bert>","2",""
"52724","1","Question","2019-05-27 13:43:21","3","1700","<machine-learning><python><forecasting><time-series>","1",""
"52725","1","Question","2019-05-27 18:15:45","2","1007","<python><rstudio><software-recommendation>","3",""
"52727","1","Question","2019-05-27 18:45:50","2","719","<scikit-learn><lstm><rnn><normalization><feature-scaling>","1","1"
"52729","1","Question","2019-05-27 20:59:02","1","152","<multiclass-classification>","0",""
"52730","1","Question","2019-05-27 21:24:22","0","217","<python><nlp><pandas><nltk>","1",""
"52733","1","Question","2019-05-27 23:52:48","4","227","<classification><random-forest><hyperparameter>","1","1"
"52734","1","Question","2019-05-28 02:20:05","0","28","<machine-learning><k-nn>","1",""
"52741","1","Question","2019-05-28 03:49:05","3","769","<deep-learning><lstm>","1","1"
"52744","1","Question","2019-05-28 04:53:34","4","141","<categorical-data><transformer>","3",""
"52754","1","Question","2019-05-28 08:26:42","1","133","<data-cleaning><excel><data-wrangling>","0",""
"52757","1","Question","2019-05-28 10:21:08","0","798","<python><deep-learning><tensorflow>","1",""
"52758","1","Question","2019-05-28 10:21:57","1","35","<python><sequential-pattern-mining>","0",""
"52760","1","Question","2019-05-28 11:11:44","2","48","<machine-learning><feature-selection>","1",""
"52761","1","Question","2019-05-28 11:14:37","1","424","<keras><tensorflow><cnn><variance>","1",""
"52763","1","Question","2019-05-28 11:38:29","0","126","<machine-learning><scikit-learn><hyperparameter><hyperparameter-tuning><gaussian-process>","0","1"
"52764","1","Question","2019-05-28 11:47:58","9","1485","<neural-network><deep-learning><cnn><image-classification>","3","2"
"52766","1","Question","2019-05-28 11:54:03","1","32","<clustering>","1",""
"52767","1","Question","2019-05-28 12:04:52","7","160","<deep-learning>","1","2"
"52770","1","Question","2019-05-28 15:33:36","1","18","<text>","1",""
"52774","1","Question","2019-05-28 16:19:43","0","34","<machine-learning><classification><predictive-modeling>","1",""
"52775","1","Question","2019-05-28 16:27:18","1","328","<classification><multiclass-classification><evaluation><class-imbalance><imbalanced-learn>","2",""
"52777","1","Question","2019-05-28 17:17:44","0","22","<feature-selection><decision-trees><features>","0",""
"52778","1","Question","2019-05-28 17:59:34","2","138","<machine-learning><feature-selection><feature-engineering><correlation>","2","1"
"52780","1","Question","2019-05-28 18:44:11","0","14","<time-series><forecast>","0",""
"52782","1","Question","2019-05-28 19:04:25","0","31","<python><r><data-mining><clustering><data>","1",""
"52783","1","Question","2019-05-28 19:08:47","1","36","<neural-network>","1",""
"52785","1","Question","2019-05-28 19:38:00","0","34","<features>","0",""
"52787","1","Question","2019-05-28 19:53:42","1","142","<random-forest><cross-validation><hyperparameter><hyperparameter-tuning>","2",""
"52790","1","Question","2019-05-28 21:08:50","2","107","<machine-learning><statistics><mathematics>","1",""
"52796","1","Question","2019-05-28 23:54:12","2","1162","<statistics><esl>","2",""
"52797","1","Question","2019-05-29 00:06:50","0","4285","<python><pandas><dataframe>","2",""
"52798","1","Question","2019-05-29 00:29:10","2","287","<machine-learning><regression><orange>","0",""
"52803","1","Question","2019-05-29 05:11:40","1","47","<neural-network><classification><keras><multiclass-classification>","1",""
"52809","1","Question","2019-05-29 07:22:50","2","14","<machine-learning>","0",""
"52812","1","Question","2019-05-29 08:04:01","1","63","<python><regex>","2",""
"52814","1","Question","2019-05-29 08:24:28","1","538","<nlp><nlg>","1","1"
"64982","1","Question","2019-12-17 11:59:41","1","61","<machine-learning><deep-learning><feature-selection><xgboost><feature-extraction>","2",""
"64989","1","Question","2019-12-17 12:56:34","1","174","<machine-learning><deep-learning><data-mining><predictive-modeling><feature-selection>","1",""
"64990","1","Question","2019-12-17 13:16:31","1","58","<machine-learning><predictive-modeling><geospatial>","3","1"
"64995","1","Question","2019-12-17 14:14:33","1","25","<neural-network><rnn>","1",""
"64999","1","Question","2019-12-17 14:30:02","1","134","<python><keras><lstm><autoencoder><implementation>","0","0"
"65001","1","Question","2019-12-17 14:43:32","3","44","<machine-learning><statistics>","2",""
"65006","1","Question","2019-12-17 15:01:23","4","471","<image-classification><multilabel-classification>","3","1"
"65015","1","Question","2019-12-17 16:01:07","1","12","<deep-learning><cross-validation><experiments><auc><finite-precision>","1",""
"65018","1","Question","2019-12-17 16:40:51","2","136","<machine-learning-model><orange><orange3>","1",""
"65019","1","Question","2019-12-17 16:54:52","0","28","<visualization>","0",""
"65021","1","Question","2019-12-17 17:30:31","2","157","<time-series><lstm><data-cleaning>","2",""
"65023","1","Question","2019-12-17 17:45:52","3","1018","<classification><gan>","3",""
"65024","1","Question","2019-12-17 18:08:03","1","36","<scikit-learn><clustering>","0",""
"65026","1","Question","2019-12-17 19:23:52","1","36","<machine-learning><predictive-modeling><prediction>","1",""
"65029","1","Question","2019-12-17 21:56:48","1","31","<regression><hyperparameter-tuning><k-nn>","1",""
"65030","1","Question","2019-12-17 23:07:19","1","67","<neural-network><cross-validation>","2",""
"65044","1","Question","2019-12-18 02:42:08","0","33","<machine-learning><data-mining><regression><predictive-modeling>","1",""
"65045","1","Question","2019-12-18 03:50:36","2","404","<machine-learning><python><k-nn>","2",""
"65050","1","Question","2019-12-18 07:16:52","2","1139","<machine-learning><deep-learning><data-mining><predictive-modeling><logistic-regression>","1","1"
"65052","1","Question","2019-12-18 09:00:55","0","76","<regression><linear-regression><xgboost>","1",""
"65057","1","Question","2019-12-18 09:33:34","1","81","<python><pandas><numpy>","1",""
"65058","1","Question","2019-12-18 10:02:20","0","530","<machine-learning><deep-learning><data-mining><feature-selection><feature-extraction>","2","1"
"65062","1","Question","2019-12-18 10:19:32","2","66","<classification><multilabel-classification><multi-output>","1",""
"65063","1","Question","2019-12-18 10:32:05","4","193","<jupyter>","1",""
"65067","1","Question","2019-12-18 11:18:32","6","2857","<nlp><word-embeddings><transformer>","1","1"
"65068","1","Question","2019-12-18 12:11:12","2","101","<machine-learning><neural-network><dataset><data><random-forest>","2",""
"65074","1","Question","2019-12-18 15:08:17","2","517","<keras><tensorflow><python-3.x>","1",""
"65080","1","Question","2019-12-18 17:24:09","2","295","<machine-learning><computer-vision><object-detection>","0",""
"65081","1","Question","2019-12-18 19:32:20","1","74","<machine-learning><cnn><image-classification><finance>","1",""
"65082","1","Question","2019-12-18 21:10:58","1","45","<nlp>","1",""
"52816","1","Question","2019-05-29 08:41:26","0","46","<keras><predictive-modeling><lstm><prediction><loss-function>","0",""
"52818","1","Question","2019-05-29 09:22:09","0","95","<machine-learning><metric>","1",""
"52827","1","Question","2019-05-29 10:24:16","1","126","<orange><orange3>","1",""
"52831","1","Question","2019-05-29 11:08:49","2","265","<machine-learning><python><classification><numpy><nlp>","0",""
"52834","1","Question","2019-05-29 11:32:50","2","33","<machine-learning><scikit-learn><time-series><clustering>","1",""
"52843","1","Question","2019-05-29 14:27:31","4","188","<python><linear-regression>","1","1"
"52845","1","Question","2019-05-29 14:32:31","0","22","<nlp>","1",""
"52846","1","Question","2019-05-29 14:37:10","3","61","<neural-network><tensorflow><loss-function>","0",""
"52848","1","Question","2019-05-29 14:38:33","0","17","<r><predictive-modeling><model-selection>","0",""
"52850","1","Question","2019-05-29 14:42:12","2","57","<regression><data><survival-analysis>","1",""
"52853","1","Question","2019-05-29 15:16:11","1","42","<nlp><text-mining><topic-model>","1",""
"52855","1","Question","2019-05-29 15:43:00","1","44","<machine-learning><python><r><predictive-modeling>","1",""
"52857","1","Question","2019-05-29 16:19:05","2","2995","<machine-learning><xgboost><boosting>","1","1"
"52859","1","Question","2019-05-29 16:47:33","2","94","<python><data><java><excel>","5",""
"52865","1","Question","2019-05-29 18:55:30","0","165","<machine-learning><xgboost><scala>","0",""
"52870","1","Question","2019-05-29 22:00:19","1","52","<lstm><random-forest><rnn><xgboost><regularization>","1","1"
"52871","1","Question","2019-05-29 22:15:24","1","17","<hyperparameter><gridsearchcv>","1",""
"52873","1","Question","2019-05-29 22:48:04","0","879","<machine-learning><r><random-forest><machine-learning-model><grid-search>","1","0"
"52877","1","Question","2019-05-30 01:38:51","3","60","<pandas><forecasting>","1","1"
"52879","1","Question","2019-05-30 02:37:16","3","860","<linear-regression><numpy><matrix>","2",""
"52884","1","Question","2019-05-30 04:50:17","1","1612","<neural-network>","1",""
"52885","1","Question","2019-05-30 05:21:02","3","63","<machine-learning><classification><scikit-learn><decision-trees>","1","1"
"52889","1","Question","2019-05-30 06:38:12","3","3138","<cnn><training><kernel>","1","1"
"52890","1","Question","2019-05-30 06:54:42","1","113","<keras><scikit-learn><probability-calibration>","0",""
"52898","1","Question","2019-05-30 08:39:49","1","61","<python><nlp><pytorch><torch>","0",""
"52899","1","Question","2019-05-30 09:05:08","1","169","<keras><nlp><lstm>","0",""
"52900","1","Question","2019-05-30 09:07:40","1","43","<keras><word-embeddings>","1",""
"52902","1","Question","2019-05-30 09:29:49","1","5166","<machine-learning><regression><prediction>","2","0"
"52907","1","Question","2019-05-30 10:31:51","2","116","<random-forest><ensemble-modeling>","1",""
"52915","1","Question","2019-05-30 15:21:31","1","35","<dataset><preprocessing><audio-recognition>","0",""
"52917","1","Question","2019-05-30 16:08:05","1","127","<deep-learning><keras><computer-vision><gpu><hardware>","0",""
"52923","1","Question","2019-05-30 17:17:09","3","232","<classification><tfidf>","1",""
"52925","1","Question","2019-05-30 17:25:52","1","33","<classification><nlp>","1",""
"52927","1","Question","2019-05-30 17:47:34","3","1211","<python><time-series><statistics><data-imputation>","1",""
"52929","1","Question","2019-05-30 17:53:04","1","30","<classification>","1",""
"52931","1","Question","2019-05-30 18:17:39","0","955","<scikit-learn>","1",""
"52936","1","Question","2019-05-30 19:02:32","0","13","<statistics>","0",""
"52945","1","Question","2019-05-30 21:08:15","2","51","<python><association-rules>","0",""
"52946","1","Question","2019-05-30 21:34:30","1","34","<machine-learning><google>","1",""
"52947","1","Question","2019-05-31 00:01:55","2","82","<text-mining><orange><information-retrieval>","0",""
"52948","1","Question","2019-05-31 00:06:04","1","50","<python><neural-network><cross-validation><dropout>","0",""
"52949","1","Question","2019-05-31 00:50:57","1","22","<prediction><multilabel-classification><score>","0",""
"65089","1","Question","2019-12-19 00:05:04","4","271","<cnn><image-classification><pooling>","5","2"
"65090","1","Question","2019-12-19 00:10:01","2","13661","<python><pandas><bigdata>","1",""
"65092","1","Question","2019-12-19 01:58:31","4","719","<python><keras><tensorflow><regression><loss-function>","2","1"
"65094","1","Question","2019-12-19 03:45:04","2","386","<machine-learning><deep-learning><data-mining><feature-selection><metric>","2",""
"65096","1","Question","2019-12-19 05:40:21","3","166","<word-embeddings><word2vec><vector-space-models>","1",""
"65106","1","Question","2019-12-19 08:07:11","1","16","<neural-network><nlp><cnn><rnn>","0","1"
"65107","1","Question","2019-12-19 08:27:52","1","49","<machine-learning><deep-learning><classification><feature-selection><machine-learning-model>","1",""
"65108","1","Question","2019-12-19 08:33:54","2","201","<machine-learning><neural-network><lstm><data><rnn>","1",""
"65117","1","Question","2019-12-19 10:30:12","0","41","<machine-learning><neural-network><regression><data><data-analysis>","1",""
"65118","1","Question","2019-12-19 10:39:12","1","221","<python><convolution><scipy>","1",""
"65119","1","Question","2019-12-19 10:48:57","0","79","<cnn><text-mining>","2",""
"65124","1","Question","2019-12-19 11:20:52","4","79","<machine-learning><python><neural-network><deep-learning><image-classification>","3","2"
"65125","1","Question","2019-12-19 11:25:02","1","53","<machine-learning><deep-learning><data-mining><predictive-modeling><feature-selection>","1","1"
"65126","1","Question","2019-12-19 12:25:11","0","218","<keras><pytorch><normalization>","1",""
"65128","1","Question","2019-12-19 12:38:09","1","386","<neural-network><deep-learning><machine-learning-model><overfitting><siamese-networks>","1","1"
"65136","1","Question","2019-12-19 13:56:55","2","1488","<python><regression><predictive-modeling>","2",""
"65139","1","Question","2019-12-19 15:49:16","2","39","<computer-vision><opencv>","2",""
"65142","1","Question","2019-12-19 16:57:21","1","47","<scikit-learn><data-cleaning><preprocessing><feature-scaling>","1",""
"65144","1","Question","2019-12-19 17:03:14","1","769","<pandas><aggregation><python-3.x>","1",""
"65147","1","Question","2019-12-19 17:37:19","0","178","<machine-learning><python><unsupervised-learning><categorical-data><one-hot-encoding>","1",""
"65149","1","Question","2019-12-19 18:49:02","3","61","<optimization>","1",""
"65150","1","Question","2019-12-19 18:56:39","2","13","<variance>","1",""
"65152","1","Question","2019-12-19 20:12:05","0","170","<scikit-learn><feature-scaling><regularization>","1",""
"65153","1","Question","2019-12-19 20:17:24","2","55","<machine-learning><predictive-modeling>","0",""
"65154","1","Question","2019-12-19 20:44:10","3","97","<python><classification><decision-trees><multilabel-classification>","1",""
"65166","1","Question","2019-12-20 00:20:35","1","115","<machine-learning><deep-learning><predictive-modeling><feature-selection><feature-engineering>","1",""
"65168","1","Question","2019-12-20 01:12:10","1","100","<deep-learning><loss-function><pytorch>","0",""
"65173","1","Question","2019-12-20 04:51:32","7","116","<machine-learning><classification><statistics><performance><descriptive-statistics>","2","4"
"65175","1","Question","2019-12-20 07:57:05","2","27","<neural-network><visualization>","1","1"
"65179","1","Question","2019-12-20 10:16:38","0","53","<genetic-algorithms>","1",""
"65181","1","Question","2019-12-20 11:10:33","2","23","<python><optimization><scipy><linear-algebra>","1",""
"65185","1","Question","2019-12-20 12:05:58","2","74","<machine-learning><preprocessing><sql>","1",""
"65186","1","Question","2019-12-20 12:34:37","2","283","<python><k-means><clustering>","2",""
"65190","1","Question","2019-12-20 13:31:31","1","35","<feature-selection><feature-extraction><data-science-model>","1",""
"65194","1","Question","2019-12-20 14:24:52","1","42","<apache-spark><apache-hadoop>","0",""
"52952","1","Question","2019-05-31 03:13:43","1","49","<python><multiclass-classification><class-imbalance><smote><imbalanced-learn>","0",""
"52953","1","Question","2019-05-31 04:49:37","1","55","<logistic-regression><dimensionality-reduction><tsne>","0",""
"52956","1","Question","2019-05-31 07:34:15","1","218","<python>","1",""
"52957","1","Question","2019-05-31 07:41:47","1","86","<machine-learning><python><time-series><statistics>","0",""
"52959","1","Question","2019-05-31 07:54:00","1","46","<convolution><gan><generative-models>","0",""
"52964","1","Question","2019-05-31 10:35:45","4","803","<word2vec><word-embeddings><gensim><embeddings><cosine-distance>","1","1"
"52967","1","Question","2019-05-31 11:13:15","0","21","<deep-learning><rnn>","0",""
"52968","1","Question","2019-05-31 11:28:33","2","788","<python><pandas><dataframe>","1",""
"52969","1","Question","2019-05-31 11:31:58","1","219","<data-mining>","2","0"
"52974","1","Question","2019-05-31 12:48:16","0","95","<python>","1",""
"52978","1","Question","2019-05-31 13:50:08","1","241","<classification><text><binary>","4",""
"52980","1","Question","2019-05-31 14:12:00","0","31","<model-selection>","0",""
"52981","1","Question","2019-05-31 14:22:17","0","55","<nlp><topic-model><lda><gensim>","0",""
"52983","1","Question","2019-05-31 14:46:46","0","28","<r>","1",""
"52986","1","Question","2019-05-31 15:29:22","3","854","<pandas><sql><seaborn>","2",""
"52987","1","Question","2019-05-31 15:31:56","1","63","<python><random-forest><matlab>","1",""
"52989","1","Question","2019-05-31 15:40:23","1","101","<classification>","1","1"
"52992","1","Question","2019-05-31 16:39:44","0","143","<python><lda-classifier>","1",""
"52993","1","Question","2019-05-31 16:43:43","0","204","<dataset><named-entity-recognition>","1",""
"52997","1","Question","2019-05-31 17:46:24","2","846","<reinforcement-learning><q-learning><dqn><deep-learning>","1",""
"53000","1","Question","2019-05-31 18:01:11","0","39","<r>","1",""
"53001","1","Question","2019-05-31 18:32:24","1","145","<machine-learning><data-mining><bigdata><data-cleaning><preprocessing>","1",""
"53009","1","Question","2019-05-31 20:51:06","4","530","<python><neural-network>","3","1"
"53012","1","Question","2019-05-31 23:29:03","2","1013","<machine-learning><python><neural-network><deep-learning><keras>","1","1"
"53013","1","Question","2019-05-31 23:42:13","0","45","<machine-learning><random-forest><machine-learning-model>","1",""
"53023","1","Question","2019-06-01 00:26:32","4","9254","<data><kaggle>","4","2"
"53027","1","Question","2019-06-01 06:57:13","2","19","<visualization><matplotlib><ipython><3d-reconstruction>","0",""
"53030","1","Question","2019-06-01 08:48:41","5","466","<cnn><transfer-learning><faster-rcnn><difference>","2",""
"53031","1","Question","2019-06-01 09:19:54","1","294","<machine-learning><keras><tensorflow>","0",""
"53033","1","Question","2019-06-01 09:58:54","11","6546","<machine-learning><neural-network><deep-learning><model-selection><hyperparameter-tuning>","3","5"
"53035","1","Question","2019-06-01 11:20:15","1","147","<neural-network><deep-learning><r><hyperparameter-tuning><grid-search>","0",""
"53037","1","Question","2019-06-01 11:28:12","0","56","<r><predictive-modeling>","2",""
"53038","1","Question","2019-06-01 11:48:04","-1","39","<clustering><visualization><dimensionality-reduction>","1",""
"53041","1","Question","2019-06-01 12:24:26","2","104","<machine-learning><python><keras><optimization>","2",""
"53044","1","Question","2019-06-01 13:26:40","0","50","<r><time-series><predictive-modeling><outlier>","1",""
"53045","1","Question","2019-06-01 13:34:25","0","86","<machine-learning><neural-network><deep-learning>","1",""
"53046","1","Question","2019-06-01 14:12:30","1","44","<machine-learning><statistics><recommender-system>","0",""
"53047","1","Question","2019-06-01 14:17:40","3","132","<optimization><gradient-descent>","1",""
"53048","1","Question","2019-06-01 14:23:37","11","40497","<machine-learning><python>","1","1"
"53053","1","Question","2019-06-01 16:15:28","1","63","<python><classification>","0",""
"53056","1","Question","2019-06-01 17:43:15","0","44","<random-forest><knime>","1",""
"53058","1","Question","2019-06-01 18:05:36","5","3471","<machine-learning><python><feature-selection><categorical-data>","2","1"
"53059","1","Question","2019-06-01 18:46:51","0","639","<linear-regression><linear-algebra>","1",""
"53060","1","Question","2019-06-01 18:51:47","1","436","<cnn><image-classification><faster-rcnn>","0",""
"53062","1","Question","2019-06-01 19:11:41","0","115","<word-embeddings><data-science-model><confusion-matrix>","0",""
"53063","1","Question","2019-06-01 19:27:18","2","115","<classification><machine-learning-model><multilabel-classification>","1",""
"53067","1","Question","2019-06-01 20:33:21","2","46","<python><clustering>","1",""
"53071","1","Question","2019-06-01 23:01:48","-1","36","<statistics><descriptive-statistics><estimators>","1",""
"53072","1","Question","2019-06-01 23:37:17","1","31","<machine-learning><tensorflow>","0","1"
"53080","1","Question","2019-06-02 10:47:58","4","1262","<neural-network><lstm><word-embeddings><sentiment-analysis>","3",""
"53082","1","Question","2019-06-02 11:07:11","0","9","<deep-learning><feature-selection><labels><vgg16>","1","0"
"53088","1","Question","2019-06-02 14:51:58","1","90","<python><pandas><numpy>","0",""
"53089","1","Question","2019-06-02 14:53:58","5","4588","<deep-learning><lstm><apache-spark>","1","1"
"53093","1","Question","2019-06-02 17:53:47","0","276","<feature-selection><linear-regression><feature-engineering>","3",""
"53094","1","Question","2019-06-02 17:54:38","2","89","<learning><learning-to-rank>","0","3"
"53097","1","Question","2019-06-02 18:27:05","3","64","<machine-learning><reinforcement-learning><dynamic-programming>","1","1"
"53100","1","Question","2019-06-02 19:36:18","4","771","<python><classification><multiclass-classification><naive-bayes-classifier>","1",""
"53104","1","Question","2019-06-02 22:35:27","-1","41","<python>","1",""
"53106","1","Question","2019-06-02 23:26:08","0","43","<python><image-preprocessing>","1",""
"53108","1","Question","2019-06-03 01:03:04","2","85","<machine-learning><neural-network><keras><mlp>","0",""
"65196","1","Question","2019-12-20 17:08:38","3","168","<machine-learning><kaggle>","1",""
"65197","1","Question","2019-12-20 19:13:35","1","1043","<machine-learning><neural-network><deep-learning><rnn>","0",""
"65198","1","Question","2019-12-20 19:13:36","1","63","<machine-learning>","1",""
"65199","1","Question","2019-12-20 20:04:34","1","21","<regression><random-forest><ranking>","0",""
"65205","1","Question","2019-12-20 21:37:43","1","358","<deep-learning><cnn><pruning>","1",""
"65206","1","Question","2019-12-20 21:41:09","3","524","<python><tensorflow><nlp><embeddings><text-generation>","1","2"
"65208","1","Question","2019-12-20 22:06:05","2","41","<machine-learning><data-mining>","1",""
"65212","1","Question","2019-12-20 23:14:30","2","77","<machine-learning><neural-network><cnn><backpropagation>","2",""
"65215","1","Question","2019-12-21 00:15:35","1","45","<machine-learning><python><clustering><unsupervised-learning>","1","1"
"65222","1","Question","2019-12-21 07:53:59","0","282","<multilabel-classification>","0",""
"65223","1","Question","2019-12-21 08:05:02","3","2316","<keras><tensorflow>","1",""
"65224","1","Question","2019-12-21 08:06:19","1","21","<machine-learning><information-theory>","1",""
"65228","1","Question","2019-12-21 09:31:34","2","141","<metric><auc>","2","1"
"65235","1","Question","2019-12-21 15:21:19","1","28","<bert><transformer><search-engine><question-answering>","1","1"
"65236","1","Question","2019-12-21 15:31:45","3","61","<nlp><sequence-to-sequence><question-answering>","1",""
"65239","1","Question","2019-12-21 17:04:52","2","76","<jupyter><kaggle>","1",""
"65240","1","Question","2019-12-21 17:08:58","2","132","<prediction><missing-data>","1",""
"65241","1","Question","2019-12-21 17:09:07","6","3623","<nlp><bert><machine-translation><attention-mechanism>","2","3"
"65248","1","Question","2019-12-21 18:26:52","2","697","<confusion-matrix>","4",""
"65253","1","Question","2019-12-21 19:34:46","1","268","<image>","0",""
"65254","1","Question","2019-12-21 21:01:09","0","33","<classification><classifier>","1","1"
"65257","1","Question","2019-12-22 01:19:11","0","42","<neural-network><deep-learning><mlp>","1",""
"65258","1","Question","2019-12-22 01:54:13","2","93","<data><3d-reconstruction><cloud>","0",""
"65260","1","Question","2019-12-22 02:44:56","1","102","<deep-learning><cnn><data-augmentation><image>","1",""
"65262","1","Question","2019-12-22 05:00:41","2","1635","<data><apache-hadoop>","1",""
"65266","1","Question","2019-12-22 08:21:17","3","1775","<xgboost><survival-analysis>","1","2"
"65271","1","Question","2019-12-22 10:30:12","0","1492","<lstm><pytorch><nlp><language-model>","1",""
"65272","1","Question","2019-12-22 10:57:07","1","1081","<python><nlp><data><training><named-entity-recognition>","1",""
"65275","1","Question","2019-12-22 11:32:27","1","18","<relational-dbms><groupby>","0",""
"65276","1","Question","2019-12-22 11:44:06","2","172","<nlp><statistics><word-embeddings><stanford-nlp>","1",""
"65278","1","Question","2019-12-22 12:47:36","2","55","<gan>","1",""
"65281","1","Question","2019-12-22 16:49:27","7","1835","<machine-learning><classification><nlp><text-mining>","4","4"
"65286","1","Question","2019-12-22 18:54:00","4","162","<python><decision-trees><categorical-data><feature-scaling><transformer>","2",""
"65287","1","Question","2019-12-22 19:03:32","2","104","<python><feature-selection><logistic-regression><categorical-data>","1",""
"65290","1","Question","2019-12-22 20:54:12","0","29","<clustering><anomaly-detection><outlier><data-stream-mining><anomaly>","1",""
"65291","1","Question","2019-12-22 21:18:43","1","33","<neural-network><word-embeddings><word2vec><rnn>","1",""
"65294","1","Question","2019-12-22 22:38:50","1","171","<neural-network><activation-function><social-network-analysis><weighted-data><neural>","1",""
"65295","1","Question","2019-12-22 23:46:38","1","175","<python><pandas>","1",""
"65299","1","Question","2019-12-23 02:50:56","0","49","<machine-learning><gradient-descent><backpropagation><mathematics>","1",""
"65305","1","Question","2019-12-23 04:25:16","1","27","<neural-network><distance>","1",""
"65306","1","Question","2019-12-23 04:55:25","2","122","<neural-network><deep-learning><loss-function>","1","1"
"65307","1","Question","2019-12-23 07:32:02","4","1386","<machine-learning><deep-learning><feature-selection><feature-engineering><plotting>","1","3"
"65310","1","Question","2019-12-23 08:35:06","1","85","<python><classification><scikit-learn><cross-validation>","2",""
"65311","1","Question","2019-12-23 08:48:57","6","333","<deep-learning><generative-models>","5","1"
"65312","1","Question","2019-12-23 09:04:38","1","282","<python><logistic-regression><pyspark>","0",""
"65313","1","Question","2019-12-23 09:21:44","1","105","<machine-learning><decision-trees>","1",""
"65317","1","Question","2019-12-23 09:30:22","0","125","<machine-learning><python><data-mining><anomaly-detection>","1","0"
"65322","1","Question","2019-12-23 10:36:47","3","90","<machine-learning><python><deep-learning><keras><object-detection>","2",""
"65324","1","Question","2019-12-23 11:46:13","1","53","<clustering><visualization><machine-learning-model><plotting><dbscan>","2",""
"65325","1","Question","2019-12-23 12:25:17","2","24","<machine-learning><neural-network>","1",""
"65331","1","Question","2019-12-23 14:32:37","1","25","<cloud-computing>","0",""
"65333","1","Question","2019-12-23 14:59:51","1","19","<python><aws><cloud-computing>","0","1"
"65334","1","Question","2019-12-23 15:22:41","1","335","<python><tensorflow><jupyter>","1",""
"65336","1","Question","2019-12-23 15:57:27","2","26","<keras><time-series><lstm><stacked-lstm><gru>","0",""
"65337","1","Question","2019-12-23 16:18:05","2","912","<machine-learning><deep-learning><keras><tensorflow><predict>","1",""
"65338","1","Question","2019-12-23 16:36:24","1","184","<python><classification>","1",""
"65341","1","Question","2019-12-23 16:50:41","4","5293","<classification>","1","3"
"65344","1","Question","2019-12-23 18:58:10","3","36","<machine-learning><unsupervised-learning><supervised-learning><pattern-recognition>","1",""
"65349","1","Question","2019-12-23 19:50:30","1","23","<machine-learning><deep-learning><neural-network><convolutional-neural-network>","0",""
"65351","1","Question","2019-12-23 20:19:05","2","13","<machine-learning><image-classification>","1",""
"65352","1","Question","2019-12-23 20:19:10","0","820","<visualization><google>","1",""
"65354","1","Question","2019-12-23 21:45:41","1","60","<tensorflow><reinforcement-learning><policy-gradients>","1",""
"65356","1","Question","2019-12-23 22:27:13","1","387","<machine-learning><classification><keras><tensorflow><activation-function>","1",""
"65358","1","Question","2019-12-24 01:22:33","2","34","<text-generation>","1",""
"65359","1","Question","2019-12-24 01:25:34","0","20","<deep-learning><training><prediction>","0",""
"65360","1","Question","2019-12-24 04:00:51","0","929","<machine-learning>","2",""
"65363","1","Question","2019-12-24 06:08:52","0","227","<tensorflow><time-series><bayesian><probabilistic-programming>","1",""
"65364","1","Question","2019-12-24 06:17:15","2","30","<keras><cnn>","0",""
"65368","1","Question","2019-12-24 08:41:05","1","94","<keras><tensorflow><cnn>","0",""
"65371","1","Question","2019-12-24 11:13:36","2","38","<classification><binary>","1",""
"65373","1","Question","2019-12-24 11:47:23","1","96","<machine-learning><loss-function><overfitting>","1",""
"65375","1","Question","2019-12-24 13:20:58","3","66","<machine-learning><python><classification><scikit-learn><decision-trees>","2",""
"65379","1","Question","2019-12-24 14:23:38","0","690","<tensorflow><lstm>","1",""
"65384","1","Question","2019-12-24 18:03:00","0","25","<reinforcement-learning>","0",""
"65386","1","Question","2019-12-24 21:18:24","0","36","<python><tensorflow><object-detection>","0",""
"65387","1","Question","2019-12-24 22:32:38","2","37","<machine-learning><convolutional-neural-network>","1",""
"53109","1","Question","2019-06-03 01:37:42","3","173","<classification><perceptron><mlp>","2","1"
"53110","1","Question","2019-06-03 03:35:58","1","230","<machine-learning><nlp><word2vec><machine-translation>","2",""
"53112","1","Question","2019-06-03 05:44:46","1","11","<machine-learning><nlp>","0",""
"53113","1","Question","2019-06-03 05:51:45","0","1112","<categorical-data><correlation>","1",""
"53114","1","Question","2019-06-03 06:01:27","4","5189","<tensorflow><computer-vision><feature-extraction><machine-learning-model><object-detection>","1",""
"53115","1","Question","2019-06-03 08:58:34","1","41","<orange><orange3>","0",""
"53116","1","Question","2019-06-03 09:08:50","2","198","<machine-learning><neural-network><time-series><predictive-modeling><linear-regression>","0","0"
"53118","1","Question","2019-06-03 09:48:55","1","1366","<cnn><pytorch><transfer-learning>","1",""
"53120","1","Question","2019-06-03 10:41:33","0","342","<deep-learning><keras><tensorflow><dataset><cnn>","0",""
"53122","1","Question","2019-06-03 11:14:12","0","47","<machine-learning>","0","1"
"53125","1","Question","2019-06-03 12:17:26","2","4989","<csv>","1","1"
"53131","1","Question","2019-06-03 13:37:36","1","207","<machine-learning><data-cleaning><logistic-regression><feature-engineering>","1",""
"53133","1","Question","2019-06-03 13:58:38","1","337","<python><r><matlab><sql><julia>","1","1"
"53134","1","Question","2019-06-03 14:00:50","0","2958","<deep-learning><tensorflow><rnn>","1",""
"53136","1","Question","2019-06-03 14:47:45","3","158","<regression><probability>","2",""
"53137","1","Question","2019-06-03 14:51:02","3","25","<machine-learning><nlp><machine-translation><data-augmentation><text-generation>","0",""
"53138","1","Question","2019-06-03 14:59:14","9","3496","<multiclass-classification><normalization><data-imputation>","2","5"
"53139","1","Question","2019-06-03 15:03:36","-1","22","<text-mining><text><text-filter>","1",""
"53141","1","Question","2019-06-03 15:37:42","1","86","<machine-learning><lstm><rnn>","0",""
"53144","1","Question","2019-06-03 16:22:39","0","1526","<r><time-series><training><forecasting>","1",""
"53145","1","Question","2019-06-03 16:25:12","1","26","<nlp><similar-documents><vector-space-models>","0",""
"53152","1","Question","2019-06-03 18:42:34","2","849","<time-series><predictive-modeling><feature-selection>","1","1"
"53153","1","Question","2019-06-03 19:22:04","2","397","<classification><regression><feature-selection><dimensionality-reduction><regularization>","1",""
"53157","1","Question","2019-06-03 21:46:30","1","129","<embeddings><tsne>","0","1"
"53162","1","Question","2019-06-04 03:49:31","3","1995","<machine-learning><loss-function>","3","2"
"53165","1","Question","2019-06-04 05:20:25","1","25","<python><pandas>","0",""
"53171","1","Question","2019-06-04 08:24:06","2","242","<machine-learning><loss-function>","1",""
"53177","1","Question","2019-06-04 10:26:16","0","64","<pyspark><aws>","0",""
"53178","1","Question","2019-06-04 10:29:03","2","283","<machine-learning><object-detection><opencv>","1",""
"53181","1","Question","2019-06-04 11:23:27","3","3706","<classification><random-forest><preprocessing><categorical-data><class-imbalance>","5","1"
"53182","1","Question","2019-06-04 11:24:20","1","39","<regression><predictive-modeling><logistic-regression>","1",""
"53185","1","Question","2019-06-04 11:57:04","1","45","<classification><training><prediction>","1",""
"53191","1","Question","2019-06-04 13:29:43","1","13","<optimization>","0",""
"53194","1","Question","2019-06-04 14:09:54","1","36","<training><feature-engineering><feature-extraction><feature-construction>","1","1"
"53195","1","Question","2019-06-04 14:20:24","0","18","<data-cleaning>","1",""
"53197","1","Question","2019-06-04 14:33:24","1","73","<machine-learning><data-mining><data><data-wrangling>","1",""
"53198","1","Question","2019-06-04 14:42:24","2","31","<correlation>","1",""
"53199","1","Question","2019-06-04 16:09:08","3","576","<time-series><prediction>","3",""
"53201","1","Question","2019-06-04 16:56:34","1","297","<deep-learning><cnn><overfitting><convolutional-neural-network>","2",""
"53204","1","Question","2019-06-04 17:26:16","5","545","<machine-learning><javascript>","2",""
"65392","1","Question","2019-12-25 05:17:18","3","687","<classification><cnn><convolution><matlab><mathematics>","1","1"
"65393","1","Question","2019-12-25 08:21:36","1","555","<cross-validation><multiclass-classification>","2",""
"65394","1","Question","2019-12-25 08:44:02","1","119","<scikit-learn><pandas><pipelines>","1",""
"65397","1","Question","2019-12-25 09:40:50","1","27","<cnn>","2",""
"65399","1","Question","2019-12-25 10:02:53","0","633","<python>","1",""
"65404","1","Question","2019-12-25 12:11:13","6","206","<clustering><unsupervised-learning><kernel><rbf>","3",""
"65406","1","Question","2019-12-25 13:41:00","2","564","<python><neural-network><tensorflow><time-series><lstm>","1","1"
"65409","1","Question","2019-12-25 15:23:25","1","170","<neural-network><deep-learning><cnn><training>","1",""
"65417","1","Question","2019-12-25 21:55:33","1","99","<nlp><automatic-summarization>","2",""
"65421","1","Question","2019-12-26 01:10:05","1","289","<neural-network><keras><neural>","2",""
"65422","1","Question","2019-12-26 03:10:09","1","450","<machine-learning><deep-learning><data-mining><data-cleaning><outlier>","3",""
"65423","1","Question","2019-12-26 03:36:17","1","128","<data><visualization><matplotlib><plotting>","0",""
"65424","1","Question","2019-12-26 05:00:51","1","512","<decision-trees><cross-validation><overfitting>","3",""
"65426","1","Question","2019-12-26 05:32:41","0","19","<machine-learning><predictive-modeling><data-cleaning><data-analysis>","1",""
"65430","1","Question","2019-12-26 06:00:27","2","52","<deep-learning><classification><nlp><text-mining><text-classification>","2",""
"65433","1","Question","2019-12-26 06:32:27","3","135","<machine-learning><deep-learning><data-mining><feature-selection><feature-engineering>","2",""
"65438","1","Question","2019-12-26 07:47:01","2","123","<neural-network><deep-learning><keras><tensorflow><regression>","2","0"
"65439","1","Question","2019-12-26 08:10:20","0","38","<deep-learning><keras><loss-function><image>","0",""
"65446","1","Question","2019-12-26 08:57:32","0","30","<machine-learning><data-mining><anomaly-detection><similarity><outlier>","1",""
"65449","1","Question","2019-12-26 10:01:14","3","335","<machine-learning><probability><bayesian>","3",""
"65452","1","Question","2019-12-26 10:21:54","1","48","<data-mining><dataset>","2",""
"65454","1","Question","2019-12-26 10:45:43","1","33","<machine-learning><python><nlp><chatbot>","0",""
"65459","1","Question","2019-12-26 11:03:20","2","52","<machine-learning><python><scipy>","1","1"
"65460","1","Question","2019-12-26 11:04:42","4","277","<deep-learning><multi-output>","2",""
"65461","1","Question","2019-12-26 11:33:02","0","119","<time-series><visualization>","2",""
"65464","1","Question","2019-12-26 12:14:25","1","154","<machine-learning><normalization>","1",""
"65466","1","Question","2019-12-26 13:05:44","1","35","<time-series><pandas><boosting>","1",""
"65467","1","Question","2019-12-26 13:22:33","6","361","<regression><predictive-modeling><distribution>","3","1"
"65469","1","Question","2019-12-26 14:28:55","1","23","<neural-network><distance>","0",""
"65471","1","Question","2019-12-26 14:43:34","7","4687","<python><neural-network><keras>","3","3"
"65472","1","Question","2019-12-26 14:44:40","5","239","<python><clustering><similarity><distance>","3",""
"65475","1","Question","2019-12-26 15:08:09","1","17","<machine-learning><python><tensorflow><time-series><predictive-modeling>","0","1"
"53210","1","Question","2019-06-04 18:18:46","1","29","<python><image-classification><computer-vision><geospatial>","0",""
"53213","1","Question","2019-06-04 18:50:38","3","997","<statistics><plotting><matplotlib><distribution>","1",""
"53215","1","Question","2019-06-04 20:01:15","0","203","<classification><feature-selection>","1",""
"53217","1","Question","2019-06-04 20:45:45","1","72","<time-series><forecasting>","1","1"
"53222","1","Question","2019-06-04 23:32:31","1","45","<r><time-series><forecast><graphical-model>","0",""
"53223","1","Question","2019-06-05 03:06:55","0","170","<tensorflow>","1",""
"53224","1","Question","2019-06-05 04:32:47","0","160","<machine-learning><python><scikit-learn><linear-regression><kaggle>","2",""
"53225","1","Question","2019-06-05 05:32:17","0","856","<machine-learning><deep-learning><logistic-regression>","1","1"
"53226","1","Question","2019-06-05 05:40:59","2","713","<logistic-regression>","2",""
"53228","1","Question","2019-06-05 06:41:37","1","31","<clustering>","1",""
"53230","1","Question","2019-06-05 07:30:51","3","631","<machine-learning><python><scikit-learn><pandas><historgram>","1",""
"53231","1","Question","2019-06-05 07:40:59","0","25","<machine-learning><deep-learning><logistic-regression>","1",""
"53234","1","Question","2019-06-05 08:55:54","0","41","<machine-learning>","2",""
"53237","1","Question","2019-06-05 09:13:51","0","99","<machine-learning>","1",""
"53239","1","Question","2019-06-05 09:34:48","0","39","<classification><lstm><multiclass-classification><multilabel-classification>","1",""
"53240","1","Question","2019-06-05 09:39:43","3","121","<machine-learning><machine-learning-model>","0","2"
"53244","1","Question","2019-06-05 10:11:58","2","531","<machine-learning><neural-network><keras><image-classification>","0",""
"53245","1","Question","2019-06-05 10:19:40","2","754","<machine-learning><r><metadata><meta-learning>","1",""
"53246","1","Question","2019-06-05 11:33:58","5","391","<autoencoder><feature-scaling><outlier>","2",""
"53249","1","Question","2019-06-05 12:44:21","3","117","<machine-learning><regression><statistics><linear-regression>","2",""
"53252","1","Question","2019-06-05 13:11:43","2","169","<python><neural-network><deep-learning><keras>","1",""
"53256","1","Question","2019-06-05 13:54:34","5","17454","<deep-learning><accuracy><overfitting>","1","1"
"53258","1","Question","2019-06-05 14:52:34","2","374","<neural-network><deep-learning><lstm><rnn><word-embeddings>","1",""
"53259","1","Question","2019-06-05 15:09:44","1","207","<python><deep-learning>","1",""
"53260","1","Question","2019-06-05 15:42:56","3","47","<clustering><data-cleaning><tools>","2","1"
"53261","1","Question","2019-06-05 15:43:48","2","57","<loss-function>","0","1"
"53265","1","Question","2019-06-05 16:41:37","1","15730","<machine-learning><classification><scikit-learn>","2",""
"53267","1","Question","2019-06-05 16:58:40","1","32","<visualization>","2",""
"53268","1","Question","2019-06-05 17:05:43","2","121","<pca>","1","1"
"53270","1","Question","2019-06-05 17:07:41","7","4825","<topic-model><lda><bert>","4","2"
"53271","1","Question","2019-06-05 17:26:50","0","1063","<sentiment-analysis><lda>","2",""
"53278","1","Question","2019-06-05 19:26:24","2","106","<predictive-modeling><bayesian>","1",""
"53285","1","Question","2019-06-05 22:30:47","2","27","<gradient-descent><loss-function><backpropagation>","0",""
"53288","1","Question","2019-06-05 23:04:27","1","160","<classification><confusion-matrix>","0",""
"53290","1","Question","2019-06-06 00:26:02","3","504","<deep-learning><time-series><lstm><rnn>","2",""
"53291","1","Question","2019-06-06 00:33:43","1","362","<tensorflow><convolution><faster-rcnn>","1",""
"53292","1","Question","2019-06-06 00:54:31","2","124","<machine-learning><data-mining><time-series><predictive-modeling><anomaly-detection>","0","1"
"53294","1","Question","2019-06-06 03:06:12","1","2871","<machine-learning>","1",""
"53296","1","Question","2019-06-06 03:52:18","2","72","<data-science-model>","1",""
"65477","1","Question","2019-12-26 16:53:32","3","41","<nlp><named-entity-recognition><spacy>","0",""
"65483","1","Question","2019-12-26 19:35:22","1","33","<machine-learning><deep-learning><time-series><pytorch>","0",""
"65490","1","Question","2019-12-26 21:32:42","2","242","<deep-learning><reinforcement-learning><q-learning><dqn>","1",""
"65497","1","Question","2019-12-27 05:49:28","3","117","<machine-learning><deep-learning><preprocessing><speech-to-text>","1","2"
"65498","1","Question","2019-12-27 06:37:27","1","89","<machine-learning><predictive-modeling><xgboost><feature-engineering><correlation>","2",""
"65500","1","Question","2019-12-27 07:45:13","2","36","<clustering><unsupervised-learning>","1",""
"65502","1","Question","2019-12-27 08:09:59","3","1063","<machine-learning><deep-learning><data-mining><predictive-modeling><feature-selection>","3",""
"65504","1","Question","2019-12-27 08:38:42","1","17","<python><ai>","0",""
"65511","1","Question","2019-12-27 09:06:17","2","33","<machine-learning><deep-learning><data-mining><predictive-modeling><feature-selection>","1",""
"65516","1","Question","2019-12-27 10:07:28","2","238","<deep-learning><cnn><transfer-learning><convolutional-neural-network><vgg16>","1",""
"65517","1","Question","2019-12-27 10:12:58","1","182","<machine-learning><azure-ml>","0",""
"65518","1","Question","2019-12-27 10:20:04","3","3002","<keras><tensorflow><prediction>","1",""
"65519","1","Question","2019-12-27 10:22:26","5","187","<machine-learning><deep-learning><data-mining><predictive-modeling><logistic-regression>","2","3"
"65520","1","Question","2019-12-27 10:38:02","3","25","<machine-learning><data-mining><anomaly-detection><dimensionality-reduction><data-stream-mining>","0",""
"65521","1","Question","2019-12-27 12:37:34","1","2324","<neural-network><image-recognition><ocr><colab><tesseract>","0",""
"65525","1","Question","2019-12-27 13:23:56","3","64","<machine-learning><deep-learning><classification><keras>","1",""
"65527","1","Question","2019-12-27 14:18:24","2","455","<machine-learning><python><scikit-learn>","1",""
"65531","1","Question","2019-12-27 16:58:44","3","264","<probability><historgram>","1","1"
"65533","1","Question","2019-12-27 18:49:56","2","125","<loss-function><autoencoder><sparsity>","0",""
"65535","1","Question","2019-12-27 20:31:43","1","33","<optimization>","1",""
"65537","1","Question","2019-12-27 20:38:14","2","559","<r><bayesian-networks>","2",""
"65542","1","Question","2019-12-28 03:38:13","2","188","<time-series><lstm><matlab>","0",""
"65544","1","Question","2019-12-28 09:16:30","2","457","<machine-learning>","0","1"
"65545","1","Question","2019-12-28 09:52:55","4","101","<python><scikit-learn><linear-regression><lasso>","1",""
"65546","1","Question","2019-12-28 10:20:57","9","1291","<computer-vision><image-recognition><information-retrieval><ocr>","1","2"
"65547","1","Question","2019-12-28 10:32:15","3","20","<dataset><cnn><data-cleaning><categorical-data><convolution>","0",""
"65550","1","Question","2019-12-28 11:10:10","3","128","<language-model><openai-gpt>","0","1"
"65556","1","Question","2019-12-28 15:45:24","1","74","<nlp><language-model>","0",""
"65557","1","Question","2019-12-28 20:45:32","1","1202","<scikit-learn><feature-engineering><normalization><feature-scaling>","3",""
"65561","1","Question","2019-12-28 21:31:14","2","293","<machine-learning><python><keras><preprocessing><image-preprocessing>","1",""
"65562","1","Question","2019-12-28 21:49:59","4","1290","<keras><scikit-learn><grid-search><data-augmentation><gridsearchcv>","1",""
"65564","1","Question","2019-12-29 01:32:32","1","164","<rnn>","1",""
"65565","1","Question","2019-12-29 03:10:43","2","18","<machine-learning><graphs><information-theory>","0",""
"65566","1","Question","2019-12-29 03:58:02","3","27","<distance><manhattan>","1",""
"65567","1","Question","2019-12-29 04:35:20","1","76","<ai>","3",""
"65568","1","Question","2019-12-29 06:05:39","4","52","<machine-learning><python><scikit-learn>","1",""
"65569","1","Question","2019-12-29 06:08:36","2","938","<machine-learning><deep-learning><data-mining><feature-selection><dummy-variables>","1",""
"65570","1","Question","2019-12-29 06:30:16","4","137","<clustering>","2",""
"65572","1","Question","2019-12-29 07:28:23","1","302","<machine-learning><image-classification><weka>","1",""
"65577","1","Question","2019-12-29 10:48:16","2","420","<nlp><feature-selection><feature-engineering>","2",""
"65581","1","Question","2019-12-29 12:40:20","2","22","<r><rstudio>","1",""
"65585","1","Question","2019-12-29 14:14:39","6","800","<python><scikit-learn><decision-trees>","5","2"
"65586","1","Question","2019-12-29 14:26:46","2","80","<one-hot-encoding>","1",""
"65588","1","Question","2019-12-29 15:10:22","2","76","<azure-ml>","1",""
"65592","1","Question","2019-12-29 18:07:16","2","257","<machine-learning><logistic-regression><supervised-learning><gridsearchcv>","1",""
"65595","1","Question","2019-12-29 21:39:53","1","117","<gpu><bert><finetuning>","0",""
"53298","1","Question","2019-06-06 04:42:29","2","135","<nlp><sentiment-analysis><lda><dirichlet>","1",""
"53300","1","Question","2019-06-06 05:24:10","1","182","<dataset><image-classification><object-detection><yolo>","1",""
"53301","1","Question","2019-06-06 05:31:17","4","574","<python><python-3.x><gpu><image-preprocessing>","1","2"
"53304","1","Question","2019-06-06 06:58:28","3","38","<neural-network><deep-learning><classification><keras><image-classification>","1","2"
"53307","1","Question","2019-06-06 07:29:50","0","464","<nlp><lstm><rnn><multiclass-classification><multilabel-classification>","2","1"
"53308","1","Question","2019-06-06 07:55:43","7","1852","<machine-learning><deep-learning>","3","1"
"53317","1","Question","2019-06-06 09:26:53","0","36","<machine-learning-model><performance><features>","1",""
"53319","1","Question","2019-06-06 09:52:38","4","306","<neural-network><cnn><dropout>","2",""
"53322","1","Question","2019-06-06 10:06:29","2","753","<dataset>","2",""
"53325","1","Question","2019-06-06 10:52:01","2","375","<machine-learning><python><scikit-learn><logistic-regression><kaggle>","3",""
"53327","1","Question","2019-06-06 12:19:43","1","59","<statistics>","1",""
"53333","1","Question","2019-06-06 13:00:22","1","29","<deep-learning><image>","0",""
"53336","1","Question","2019-06-06 13:56:27","0","49","<machine-learning><reinforcement-learning><ai>","2",""
"53340","1","Question","2019-06-06 14:31:01","1","346","<text-mining><nlp><tfidf>","1",""
"53342","1","Question","2019-06-06 14:54:07","2","188","<machine-learning><scikit-learn><multilabel-classification>","1",""
"53345","1","Question","2019-06-06 15:34:10","1","83","<machine-learning><deep-learning>","2",""
"53349","1","Question","2019-06-06 17:06:18","6","989","<classification><keras>","1",""
"53351","1","Question","2019-06-06 17:11:50","0","37","<python><scikit-learn>","0",""
"53352","1","Question","2019-06-06 18:15:37","1","47","<neural-network><tensorflow>","0",""
"53353","1","Question","2019-06-06 18:19:52","2","881","<machine-learning><anomaly-detection><outlier>","5","1"
"53354","1","Question","2019-06-06 19:18:07","1","426","<python><tensorflow><cnn>","1",""
"53356","1","Question","2019-06-06 19:33:07","0","112","<machine-learning><neural-network><deep-learning><keras><batch-normalization>","0",""
"53358","1","Question","2019-06-06 20:32:04","1","96","<machine-learning><classification>","1","0"
"53359","1","Question","2019-06-06 20:33:56","1","115","<python><classification><keras><cnn>","0","1"
"53365","1","Question","2019-06-06 23:06:28","1","35","<machine-learning><cnn><decision-trees>","2",""
"53366","1","Question","2019-06-07 01:01:45","0","28","<machine-learning><classification>","1",""
"53369","1","Question","2019-06-07 05:04:41","0","86","<machine-learning><deep-learning><nlp><text-mining>","1","1"
"53370","1","Question","2019-06-07 05:30:24","-1","298","<machine-learning><classification>","2",""
"53375","1","Question","2019-06-07 08:13:33","0","440","<reinforcement-learning>","0",""
"53377","1","Question","2019-06-07 09:45:55","0","68","<machine-learning><classification><feature-selection><xgboost>","1",""
"53378","1","Question","2019-06-07 09:51:46","1","89","<machine-learning><neural-network><machine-learning-model><online-learning>","1",""
"53381","1","Question","2019-06-07 10:27:22","4","49","<machine-learning>","2",""
"53384","1","Question","2019-06-07 12:12:48","0","75","<machine-learning><deep-learning><matlab>","0",""
"53385","1","Question","2019-06-07 12:13:55","0","102","<machine-learning><cross-validation><training>","1",""
"53386","1","Question","2019-06-07 12:15:35","2","47","<lstm>","0",""
"53388","1","Question","2019-06-07 13:03:33","3","3831","<machine-learning><python><time-series><anomaly-detection><outlier>","5",""
"53392","1","Question","2019-06-07 13:45:14","0","52","<python><matlab><h2o>","1",""
"53395","1","Question","2019-06-07 14:37:03","0","56","<reinforcement-learning>","2",""
"53399","1","Question","2019-06-07 15:36:54","0","168","<gradient-descent><loss-function><batch-normalization>","1",""
"53400","1","Question","2019-06-07 15:41:11","7","1295","<machine-learning><classification><loss-function>","1","3"
"53405","1","Question","2019-06-07 16:50:23","1","790","<python><pandas>","1",""
"53408","1","Question","2019-06-07 18:36:16","1","213","<deep-learning><categorical-data><embeddings>","0",""
"53410","1","Question","2019-06-07 19:09:19","0","1354","<pandas><data-cleaning>","1",""
"53412","1","Question","2019-06-07 19:47:47","1","112","<machine-learning><deep-learning><graphs>","0","1"
"53415","1","Question","2019-06-07 21:11:44","0","1364","<machine-learning><tensorflow>","1",""
"53422","1","Question","2019-06-08 01:12:45","2","269","<machine-learning><clustering><image-classification><class-imbalance>","3",""
"53426","1","Question","2019-06-08 07:38:23","0","1182","<neural-network><keras><batch-normalization><deep-learning>","1",""
"65600","1","Question","2019-12-29 23:52:45","2","166","<machine-learning><deep-learning><statistics><logistic-regression><causalimpact>","1",""
"65601","1","Question","2019-12-29 23:53:18","4","42","<machine-learning><neural-network><unsupervised-learning>","1",""
"65603","1","Question","2019-12-30 01:11:53","3","84","<time-series><regression><prediction><terminology>","1",""
"65604","1","Question","2019-12-30 01:35:52","1","166","<machine-learning><deep-learning><gan>","1",""
"65605","1","Question","2019-12-30 01:40:57","2","39","<machine-learning><clustering><unsupervised-learning><correlation>","1",""
"65608","1","Question","2019-12-30 04:33:22","2","1125","<classification><xgboost><evaluation><predictor-importance>","1","3"
"65610","1","Question","2019-12-30 06:34:07","3","33","<statistics><accuracy><evaluation><distribution><descriptive-statistics>","2","1"
"65611","1","Question","2019-12-30 08:12:01","1","79","<machine-learning><deep-learning><pytorch>","0","1"
"65614","1","Question","2019-12-30 08:57:56","1","381","<python><data-mining><data><csv><mongodb>","2","1"
"65619","1","Question","2019-12-30 10:04:03","1","126","<transformer><encoder>","1",""
"65620","1","Question","2019-12-30 10:08:29","2","48","<machine-learning><deep-learning><nlp><bert>","2",""
"65624","1","Question","2019-12-30 11:28:10","0","63","<cnn><loss-function><convergence>","2",""
"65632","1","Question","2019-12-30 13:08:31","1","54","<image-recognition><image-preprocessing><opencv>","1",""
"65634","1","Question","2019-12-30 13:24:39","2","94","<machine-learning><python><scikit-learn><k-nn>","1",""
"65636","1","Question","2019-12-30 13:34:24","2","2453","<machine-learning><deep-learning><data-mining><statistics><logistic-regression>","1",""
"65638","1","Question","2019-12-30 15:22:22","1","44","<machine-learning><r><algorithms>","0",""
"65641","1","Question","2019-12-30 17:20:56","1","34","<machine-learning><regression><rnn><model-selection><k-nn>","1",""
"65645","1","Question","2019-12-30 20:08:04","4","64","<neural-network><reinforcement-learning>","1",""
"65648","1","Question","2019-12-30 22:10:01","2","118","<python><deep-learning><keras><reinforcement-learning><q-learning>","2","2"
"65649","1","Question","2019-12-30 22:37:09","3","91","<python><neural-network><keras><loss-function><autoencoder>","0",""
"65651","1","Question","2019-12-31 05:23:16","1","72","<machine-learning><predictive-modeling><data-analysis><parameter><methods>","1",""
"65652","1","Question","2019-12-31 09:17:39","1","142","<clustering><tableau>","1","1"
"65653","1","Question","2019-12-31 09:27:17","2","146","<feature-selection><boosting><lightgbm>","1",""
"65655","1","Question","2019-12-31 10:01:50","1","334","<deep-learning><cnn><convolution>","2",""
"65657","1","Question","2019-12-31 10:47:02","1","138","<feature-selection><machine-learning-model><feature-scaling>","3",""
"65663","1","Question","2019-12-31 13:25:01","3","62","<information-retrieval>","1",""
"65664","1","Question","2019-12-31 14:15:54","1","1798","<neural-network><deep-learning><classification><keras><ensemble-learning>","0",""
"65666","1","Question","2019-12-31 14:59:18","1","339","<machine-learning><scikit-learn><cross-validation>","1",""
"65667","1","Question","2019-12-31 16:08:06","1","29","<bayesian>","0",""
"65671","1","Question","2019-12-31 18:08:12","1","120","<deep-learning><hyperparameter><hyperparameter-tuning><transformer>","0","1"
"53427","1","Question","2019-06-08 07:39:57","2","176","<neural-network><cnn><mlp><deep-learning>","1",""
"53429","1","Question","2019-06-08 08:03:36","2","150","<machine-learning><notation>","1",""
"53435","1","Question","2019-06-08 10:22:13","1","40","<deep-learning><cnn><terminology>","2",""
"53438","1","Question","2019-06-08 10:53:09","0","115","<machine-learning><feature-selection><prediction><performance>","2",""
"53440","1","Question","2019-06-08 11:39:09","1","57","<neural-network>","0",""
"53445","1","Question","2019-06-08 13:50:33","1","625","<deep-learning><data-mining><cnn><image-recognition><ocr>","1","1"
"53448","1","Question","2019-06-08 14:25:42","0","4683","<nlp><preprocessing><nltk><text>","1","2"
"53451","1","Question","2019-06-08 16:10:12","2","215","<python><keras><tensorflow>","2",""
"53457","1","Question","2019-06-08 19:37:34","1","15354","<keras>","2","1"
"53462","1","Question","2019-06-08 20:46:24","0","77","<machine-learning><classification><nlp><data><bert>","1",""
"53467","1","Question","2019-06-08 22:41:36","0","18","<machine-learning><deep-learning>","1",""
"53472","1","Question","2019-06-09 00:10:44","3","258","<machine-learning><deep-learning><classification>","1","0"
"53474","1","Question","2019-06-09 02:18:04","9","253","<deep-learning><cnn><lstm><rnn><feature-extraction>","3","3"
"53478","1","Question","2019-06-09 05:10:23","7","1683","<python><statistics><visualization><simulation>","3","6"
"53479","1","Question","2019-06-09 06:22:53","5","309","<python><data-cleaning><apache-spark><pyspark>","1",""
"53480","1","Question","2019-06-09 07:06:35","3","35","<neural-network><deep-learning><training><normalization>","0","0"
"53486","1","Question","2019-06-09 13:31:45","2","162","<machine-learning><loss-function>","1",""
"53487","1","Question","2019-06-09 13:35:10","5","1332","<machine-learning><deep-learning><activation-function>","1","0"
"53488","1","Question","2019-06-09 15:04:50","4","2972","<machine-learning><deep-learning>","2","1"
"53489","1","Question","2019-06-09 15:16:24","0","291","<computer-vision><convolutional-neural-network><data-formats>","1",""
"53493","1","Question","2019-06-09 18:25:12","1","43","<neural-network><keras>","0",""
"53503","1","Question","2019-06-10 04:02:56","0","55","<machine-learning><linear-regression><mse>","2",""
"53507","1","Question","2019-06-10 05:31:30","1","59","<machine-learning><pandas><data-science-model>","1","0"
"53512","1","Question","2019-06-10 09:08:44","0","61","<r><linear-regression>","2",""
"53513","1","Question","2019-06-10 09:36:50","3","2827","<machine-learning><python><scikit-learn><pandas><kaggle>","2",""
"53517","1","Question","2019-06-10 10:37:38","0","52","<machine-learning>","1",""
"53524","1","Question","2019-06-10 12:24:29","0","31","<machine-learning><svm>","1",""
"53527","1","Question","2019-06-10 13:07:17","3","105","<cnn>","1",""
"53540","1","Question","2019-06-10 17:23:02","0","154","<machine-learning><python><feature-selection><visualization>","1",""
"53542","1","Question","2019-06-10 17:48:56","1","35","<visualization>","1",""
"53545","1","Question","2019-06-10 18:47:44","1","33","<data-mining><text-mining><sentiment-analysis>","1",""
"53547","1","Question","2019-06-10 21:25:32","2","76","<machine-learning><classification><tensorflow><image-classification>","1","1"
"53549","1","Question","2019-06-10 23:04:26","1","22","<nlp><word-embeddings>","0",""
"53550","1","Question","2019-06-11 01:05:42","1","476","<machine-learning><optimization><genetic-algorithms>","1",""
"53555","1","Question","2019-06-11 05:27:34","2","421","<sentiment-analysis><bert>","1","1"
"53562","1","Question","2019-06-11 08:38:01","2","169","<machine-learning><multiclass-classification><multilabel-classification>","1",""
"53563","1","Question","2019-06-11 08:43:51","0","49","<machine-learning><scikit-learn><clustering>","1",""
"53567","1","Question","2019-06-11 12:30:13","0","116","<machine-learning><scikit-learn><regression><mlp>","1",""
"53569","1","Question","2019-06-11 12:49:07","3","148","<deep-learning><nlp>","1",""
"53575","1","Question","2019-06-11 15:44:31","-1","51","<machine-learning><data-mining><dataset><data>","2",""
"53576","1","Question","2019-06-11 16:12:07","1","81","<python>","1",""
"53579","1","Question","2019-06-11 16:24:22","1","46","<machine-learning><predictive-modeling><machine-learning-model>","0",""
"53580","1","Question","2019-06-11 16:28:22","3","47","<time-series><prediction>","0",""
"53582","1","Question","2019-06-11 16:34:56","0","699","<machine-learning><python><predictive-modeling><data-science-model>","1","0"
"53584","1","Question","2019-06-11 17:30:25","2","77","<machine-learning><clustering><dataset><data-cleaning>","1",""
"53585","1","Question","2019-06-11 17:40:54","3","69","<python><clustering><graphs><community>","1","1"
"53587","1","Question","2019-06-11 17:57:08","5","104","<machine-learning>","1","0"
"53592","1","Question","2019-06-11 19:39:58","1","49","<python><keras><lstm>","0","1"
"53594","1","Question","2019-06-11 20:55:15","4","89","<machine-learning><neural-network><cnn>","1","1"
"53595","1","Question","2019-06-11 21:20:40","0","16","<dataset><data><machine-learning-model>","1",""
"53601","1","Question","2019-06-11 23:46:02","1","97","<word2vec><word-embeddings><gensim>","0",""
"53602","1","Question","2019-06-12 00:33:16","0","505","<keras><tensorflow>","1",""
"53605","1","Question","2019-06-12 02:00:19","2","26","<machine-learning><neural-network>","0",""
"53609","1","Question","2019-06-12 03:21:30","5","19724","<python><deep-learning><keras><numpy>","2","1"
"53612","1","Question","2019-06-12 05:20:46","5","67","<pandas><matplotlib><seaborn>","2",""
"53621","1","Question","2019-06-12 08:57:30","4","122","<machine-learning><pandas><feature-engineering><encoding><kaggle>","1",""
"53623","1","Question","2019-06-12 09:30:18","0","243","<machine-learning><data-mining><regression><error-handling>","1",""
"53628","1","Question","2019-06-12 10:48:36","0","49","<python><neural-network><classification><keras><prediction>","1",""
"53632","1","Question","2019-06-12 12:38:44","0","526","<python><pandas>","1",""
"53633","1","Question","2019-06-12 12:55:35","0","157","<scikit-learn><machine-learning-model><lasso>","2",""
"53636","1","Question","2019-06-12 13:31:02","0","801","<rnn><feature-engineering><normalization><feature-scaling>","1","1"
"53637","1","Question","2019-06-12 13:42:32","0","1189","<scikit-learn><decision-trees>","0",""
"53640","1","Question","2019-06-12 13:58:47","0","40","<r><rstudio><ggplot2>","1",""
"53641","1","Question","2019-06-12 14:11:20","3","188","<machine-learning><python><time-series>","2",""
"53645","1","Question","2019-06-12 15:41:43","0","1006","<keras><machine-learning-model>","1",""
"53647","1","Question","2019-06-12 16:06:49","0","1395","<machine-learning><software-development><hardware>","1",""
"53650","1","Question","2019-06-12 17:00:48","0","199","<cnn><backpropagation>","4","2"
"53655","1","Question","2019-06-12 17:44:49","2","1693","<keras><nlp>","1",""
"53657","1","Question","2019-06-12 18:06:17","1","23","<statistics><probability><distribution><variance>","0","1"
"53658","1","Question","2019-06-12 18:11:42","0","81","<time-series><bayesian>","1",""
"53659","1","Question","2019-06-12 18:30:02","2","49","<clustering><data-cleaning><dimensionality-reduction><distribution>","1",""
"53663","1","Question","2019-06-12 19:41:32","2","53","<scikit-learn><svm><anomaly-detection>","1","1"
"53664","1","Question","2019-06-12 19:50:49","1","304","<tensorflow><rnn><transfer-learning><convolutional-neural-network>","0","2"
"53665","1","Question","2019-06-12 21:31:25","0","4665","<neural-network><keras><mnist>","0","1"
"53666","1","Question","2019-06-12 21:52:21","1","689","<python><dataset><multilabel-classification>","2","2"
"53670","1","Question","2019-06-13 02:59:19","0","160","<machine-learning><time-series><clustering>","1",""
"53673","1","Question","2019-06-13 05:27:02","1","1670","<machine-learning><python><dataframe><kaggle><binary>","2",""
"53674","1","Question","2019-06-13 06:17:04","0","35","<machine-learning><keras><tensorflow><beginner>","1",""
"53676","1","Question","2019-06-13 06:23:10","0","782","<dataset><data-cleaning>","1",""
"53681","1","Question","2019-06-13 07:10:50","2","569","<machine-learning><nlp><evaluation><metric>","2",""
"53682","1","Question","2019-06-13 07:11:20","2","111","<machine-learning><unsupervised-learning><supervised-learning>","1",""
"53686","1","Question","2019-06-13 08:12:48","0","18","<dataset><data-cleaning>","1",""
"53688","1","Question","2019-06-13 08:24:00","2","622","<clustering><k-means><unsupervised-learning><pca>","2","1"
"53689","1","Question","2019-06-13 08:25:47","3","75","<tensorflow>","0",""
"53691","1","Question","2019-06-13 08:49:34","2","1783","<python><pandas>","1","2"
"53692","1","Question","2019-06-13 08:56:50","1","23","<feature-engineering><feature-scaling>","0",""
"53694","1","Question","2019-06-13 09:12:22","1","123","<time-series><regression><predictive-modeling>","2",""
"53697","1","Question","2019-06-13 09:35:01","1","94","<scikit-learn><regression><optimization>","2",""
"53701","1","Question","2019-06-13 10:26:34","1","41","<clustering><lstm><anomaly-detection>","2",""
"53703","1","Question","2019-06-13 10:37:29","1","46","<python><data><word2vec><similarity>","1",""
"53713","1","Question","2019-06-13 12:32:54","0","2334","<python><pandas>","1",""
"53717","1","Question","2019-06-13 13:07:04","0","63","<machine-learning><python><nlp>","1",""
"53728","1","Question","2019-06-13 17:23:56","1","38","<python><pandas><data>","1","1"
"53730","1","Question","2019-06-13 17:37:57","1","83","<machine-learning><deep-learning><random-forest><machine-learning-model><unsupervised-learning>","2","1"
"53732","1","Question","2019-06-13 17:49:40","0","37","<multilabel-classification>","1",""
"53737","1","Question","2019-06-13 19:47:19","1","72","<machine-learning><neural-network><deep-learning><classification><nlp>","0","1"
"53738","1","Question","2019-06-13 19:55:25","0","31","<classification><class-imbalance><semi-supervised-learning>","0",""
"53739","1","Question","2019-06-13 20:16:33","0","40","<python><keras><tensorflow><aws>","1",""
"53742","1","Question","2019-06-13 20:50:01","1","64","<time-series><clustering><anomaly-detection>","2",""
"53747","1","Question","2019-06-13 22:24:04","3","546","<neural-network><deep-learning><gradient-descent><autoencoder><vae>","1","3"
"53754","1","Question","2019-06-14 02:42:41","2","332","<r><xgboost>","1","1"
"53755","1","Question","2019-06-14 02:44:46","0","25","<machine-learning><overfitting>","0","1"
"53758","1","Question","2019-06-14 05:22:06","1","121","<variance><bias><estimators><mse>","0",""
"53759","1","Question","2019-06-14 05:36:27","0","193","<machine-learning><regression><feature-selection><correlation>","2",""
"53772","1","Question","2019-06-14 08:27:56","1","243","<nlp><bert>","1","1"
"53773","1","Question","2019-06-14 08:42:47","3","2171","<cross-validation><evaluation>","3",""
"53776","1","Question","2019-06-14 09:03:22","0","24","<dataset><scraping>","0",""
"53777","1","Question","2019-06-14 09:11:16","1","296","<python><java>","1",""
"53778","1","Question","2019-06-14 09:15:11","0","135","<deep-learning><classification><keras>","1",""
"53781","1","Question","2019-06-14 10:03:43","0","89","<nlp><word2vec>","2",""
"53783","1","Question","2019-06-14 10:59:58","1","48","<nlp><clustering><topic-model>","1","1"
"53785","1","Question","2019-06-14 11:17:58","1","25","<python><algorithms><machine-learning-model><data-science-model><forecasting>","0",""
"53789","1","Question","2019-06-14 11:52:34","0","168","<python><convolution>","2",""
"53790","1","Question","2019-06-14 11:56:26","1","76","<orange><orange3>","0",""
"53792","1","Question","2019-06-14 12:25:49","2","71","<regression><prediction><sequence>","2",""
"53804","1","Question","2019-06-14 15:07:27","0","30","<image-classification><image-recognition>","1",""
"53806","1","Question","2019-06-14 15:33:22","4","425","<machine-learning><classification><dataset><predictive-modeling><training>","1","1"
"53809","1","Question","2019-06-14 16:45:21","0","57","<sequence-to-sequence>","1",""
"53814","1","Question","2019-06-14 18:44:26","2","221","<nlp><pytorch><transformer>","0",""
"53816","1","Question","2019-06-14 18:54:43","1","231","<machine-learning><python><scikit-learn>","2",""
"53818","1","Question","2019-06-14 20:14:44","1","501","<scikit-learn><predictive-modeling><linear-regression>","2","3"
"53831","1","Question","2019-06-15 01:47:55","2","2268","<machine-learning><python><scikit-learn>","2","4"
"53833","1","Question","2019-06-15 04:46:48","0","36","<machine-learning><python><scikit-learn><regression>","1",""
"53835","1","Question","2019-06-15 05:37:57","2","473","<convolution><image-recognition><autoencoder><activation-function><softmax>","2",""
"53836","1","Question","2019-06-15 06:06:31","1","12664","<python><pandas>","1",""
"53839","1","Question","2019-06-15 08:05:34","6","1331","<bigdata><data><xgboost>","3","3"
"53842","1","Question","2019-06-15 09:44:42","2","1982","<deep-learning><keras><tensorflow>","1",""
"53843","1","Question","2019-06-15 10:05:22","-1","105","<r><regression>","1","1"
"53845","1","Question","2019-06-15 10:26:36","0","92","<machine-learning><python><pandas><kaggle><ipython>","1",""
"53847","1","Question","2019-06-15 13:17:56","1","970","<keras><cnn><cross-validation><categorical-data>","1",""
"53849","1","Question","2019-06-15 13:54:49","0","215","<python><multilabel-classification>","1",""
"53850","1","Question","2019-06-15 14:08:30","0","1157","<keras><cnn>","2",""
"53852","1","Question","2019-06-15 15:16:00","0","595","<neural-network><deep-learning><keras><tensorflow><loss-function>","1",""
"53854","1","Question","2019-06-15 15:52:19","1","156","<neural-network><deep-learning><keras><kaggle><image-preprocessing>","0",""
"53855","1","Question","2019-06-15 16:10:12","1","23","<deep-learning><caffe>","1",""
"53856","1","Question","2019-06-15 16:52:21","0","37","<regression><linear-regression>","0",""
"53857","1","Question","2019-06-15 16:54:35","5","653","<deep-learning><cross-validation><training>","1","2"
"53858","1","Question","2019-06-15 16:58:34","18","353","<reinforcement-learning><mathematics><policy-gradients>","0","1"
"53860","1","Question","2019-06-15 17:43:54","2","38","<machine-learning><data-mining><feature-selection><data-cleaning><feature-engineering>","1",""
"53864","1","Question","2019-06-15 18:26:38","1","18","<regression><cnn><hyperparameter><learning-rate>","0","1"
"53865","1","Question","2019-06-15 19:06:08","1","35","<python><scikit-learn><cross-validation><model-selection><pipelines>","0","1"
"53867","1","Question","2019-06-15 20:24:37","1","1047","<python>","1",""
"53868","1","Question","2019-06-15 21:00:32","1","70","<machine-learning><statistics><similarity>","1",""
"53870","1","Question","2019-06-15 21:17:42","1","3202","<machine-learning><neural-network><gradient-descent>","3","4"
"53875","1","Question","2019-06-15 23:13:57","6","4362","<nlp><language-model><bert>","1","3"
"53876","1","Question","2019-06-15 23:24:53","0","641","<machine-learning><python><dataset><feature-engineering><feature-extraction>","1",""
"53878","1","Question","2019-06-16 01:28:20","1","50","<machine-learning><recommender-system>","1",""
"53882","1","Question","2019-06-16 03:02:42","2","51","<deep-learning><keras><nlp><word-embeddings>","2",""
"53886","1","Question","2019-06-16 07:15:00","1","1047","<python><pandas>","1",""
"53887","1","Question","2019-06-16 07:20:19","1","113","<python><opencv><image-preprocessing>","0","1"
"53891","1","Question","2019-06-16 09:53:52","0","63","<machine-learning><neural-network><keras>","1",""
"53893","1","Question","2019-06-16 10:14:34","0","28","<neural-network>","0",""
"53894","1","Question","2019-06-16 10:21:48","2","28","<machine-learning><hardware>","0","1"
"53896","1","Question","2019-06-16 12:50:52","1","1034","<keras><lstm><model-selection><forecasting>","2",""
"53897","1","Question","2019-06-16 13:01:32","1","57","<tfidf><cosine-distance><similar-documents>","1",""
"53902","1","Question","2019-06-16 14:33:51","0","36","<python><keras><tensorflow><feature-engineering>","0",""
"53903","1","Question","2019-06-16 14:48:46","3","493","<pandas><methods>","1",""
"53904","1","Question","2019-06-16 16:05:55","1","324","<pytorch>","0","1"
"53916","1","Question","2019-06-17 03:32:53","1","68","<scikit-learn><pca>","2",""
"53918","1","Question","2019-06-17 04:08:37","2","1671","<machine-learning><python><scikit-learn><matplotlib>","1",""
"53919","1","Question","2019-06-17 04:09:49","0","54","<deep-learning><nlp><lstm><rnn>","2",""
"53921","1","Question","2019-06-17 05:23:47","2","40","<text-mining><nlp>","0","1"
"53922","1","Question","2019-06-17 05:40:49","2","244","<machine-learning><online-learning>","1","2"
"53923","1","Question","2019-06-17 05:44:51","3","256","<machine-learning><python><pandas>","2",""
"53926","1","Question","2019-06-17 07:49:43","1","524","<machine-learning><neural-network><deep-learning><keras>","3",""
"53927","1","Question","2019-06-17 07:52:52","5","2549","<python><keras><tensorflow><gradient-descent>","2",""
"53931","1","Question","2019-06-17 08:30:43","-1","615","<machine-learning><python><scikit-learn>","1",""
"53936","1","Question","2019-06-17 09:30:03","2","122","<machine-learning>","1",""
"53938","1","Question","2019-06-17 09:39:35","1","752","<r><xgboost>","2","1"
"53948","1","Question","2019-06-17 13:24:03","2","42","<classification>","0","1"
"53950","1","Question","2019-06-17 13:42:33","0","462","<nlp><encoding>","1",""
"53954","1","Question","2019-06-17 15:06:21","2","8399","<python><boosting><lightgbm>","2","2"
"53955","1","Question","2019-06-17 15:08:13","1","5365","<r><time-series><forecast>","1","1"
"53956","1","Question","2019-06-17 15:23:08","4","367","<recommender-system><similarity><distance>","6","2"
"53959","1","Question","2019-06-17 16:11:11","1","68","<neural-network><classification><svm><activation-function><self-study>","1",""
"53964","1","Question","2019-06-17 17:36:53","1","42","<image-recognition><opencv><scipy>","0","1"
"53966","1","Question","2019-06-17 17:46:19","0","733","<machine-learning><python><classification>","0",""
"53967","1","Question","2019-06-17 17:50:59","1","31","<python><pandas>","1",""
"53970","1","Question","2019-06-17 19:23:13","1","760","<machine-learning><word-embeddings><convolution>","1","1"
"53975","1","Question","2019-06-17 22:22:13","3","4206","<visualization><matplotlib><jupyter><ipython>","1","2"
"53976","1","Question","2019-06-17 23:01:35","0","1076","<python><jupyter><ipython>","1",""
"53978","1","Question","2019-06-18 00:12:22","1","1377","<python><neural-network><nlp><text-mining><nltk>","2",""
"53979","1","Question","2019-06-18 00:23:56","11","3109","<neural-network><autoencoder>","2","5"
"53985","1","Question","2019-06-18 05:07:54","1","59","<logistic-regression><orange><orange3>","0","0"
"53991","1","Question","2019-06-18 06:59:37","1","284","<clustering>","1",""
"53995","1","Question","2019-06-18 08:09:18","6","8903","<machine-learning><neural-network><deep-learning><feature-selection>","4","3"
"53996","1","Question","2019-06-18 08:11:10","3","78","<deep-learning><multiclass-classification><text>","2",""
"53999","1","Question","2019-06-18 08:38:56","2","71","<neural-network><deep-learning><convolution>","0","1"
"54004","1","Question","2019-06-18 09:32:37","0","76","<classification><dataset><image-classification><object-detection>","2",""
"54005","1","Question","2019-06-18 09:39:09","3","1246","<machine-learning><neural-network><tensorflow><loss-function>","1",""
"54007","1","Question","2019-06-18 09:46:59","5","4233","<deep-learning><pytorch>","1","0"
"54008","1","Question","2019-06-18 10:36:27","4","3455","<python><cosine-distance><bert><matrix>","1",""
"54009","1","Question","2019-06-18 11:12:16","0","132","<python><clustering><unsupervised-learning><weighted-data>","1","0"
"54011","1","Question","2019-06-18 11:47:49","1","15","<machine-learning><python><image-classification><computer-vision><geospatial>","0",""
"54013","1","Question","2019-06-18 12:03:29","0","29","<neural-network><cnn><computer-vision><image-recognition>","1",""
"54014","1","Question","2019-06-18 12:39:05","0","862","<r><predictive-modeling><random-forest>","1",""
"54018","1","Question","2019-06-18 13:06:39","0","192","<machine-learning><scikit-learn><pandas><preprocessing><encoding>","0","0"
"54021","1","Question","2019-06-18 13:22:16","0","819","<clustering><k-means><anomaly-detection>","3","1"
"54022","1","Question","2019-06-18 13:34:41","1","46","<machine-learning><svm><kernel>","0",""
"54023","1","Question","2019-06-18 13:35:56","2","177","<reinforcement-learning><gradient-descent><backpropagation>","1",""
"54026","1","Question","2019-06-18 15:07:01","2","510","<python><scikit-learn><regression><similarity>","2",""
"54029","1","Question","2019-06-18 15:40:26","1","35","<python><scipy>","0",""
"54033","1","Question","2019-06-18 17:36:11","2","335","<nlp><sentiment-analysis><tools><annotation>","1",""
"54034","1","Question","2019-06-18 17:37:38","2","2265","<keras><tensorflow>","1",""
"54035","1","Question","2019-06-18 17:41:48","1","5098","<powerbi>","1",""
"54037","1","Question","2019-06-18 17:48:50","0","36","<python><word2vec><similarity><distance><embeddings>","0",""
"54039","1","Question","2019-06-18 18:11:19","2","25","<linear-regression>","0",""
"54040","1","Question","2019-06-18 19:22:30","1","75","<data><sentiment-analysis><social-network-analysis><twitter>","1",""
"54041","1","Question","2019-06-18 19:38:03","0","222","<time-series><clustering><k-means>","1",""
"54043","1","Question","2019-06-18 20:36:31","6","4556","<classification><class-imbalance><lightgbm>","1","1"
"54049","1","Question","2019-06-18 21:07:05","2","24","<machine-learning><deep-learning><data-science-model><management>","0","2"
"54052","1","Question","2019-06-18 23:26:57","4","3875","<python><pandas><dummy-variables>","3","1"
"54053","1","Question","2019-06-19 00:00:35","1","156","<machine-learning>","1",""
"54056","1","Question","2019-06-19 03:05:19","0","33","<machine-learning><cnn><loss-function>","0",""
"54058","1","Question","2019-06-19 06:28:26","1","106","<machine-learning><predictive-modeling>","3",""
"54061","1","Question","2019-06-19 07:04:59","1","32","<machine-learning><classification><computer-vision><image-recognition><ocr>","0",""
"54065","1","Question","2019-06-19 07:24:18","1","24","<predictive-modeling><random-forest><xgboost><k-means>","1",""
"54069","1","Question","2019-06-19 08:47:50","2","31","<machine-learning><online-learning>","1","2"
"54072","1","Question","2019-06-19 09:59:28","0","272","<machine-learning><neural-network><classification><keras><tensorflow>","1","1"
"54073","1","Question","2019-06-19 10:17:07","0","115","<clustering>","1",""
"54074","1","Question","2019-06-19 10:41:20","0","61","<time-series><linear-regression><model-selection>","1",""
"54083","1","Question","2019-06-19 12:57:50","2","109","<scikit-learn>","2","1"
"54084","1","Question","2019-06-19 12:59:00","1","122","<classification><variance><mathematics><bias>","2","1"
"54089","1","Question","2019-06-19 13:55:05","1","77","<named-entity-recognition>","1",""
"54093","1","Question","2019-06-19 15:30:15","2","382","<nlp><clustering><feature-selection><unsupervised-learning><dimensionality-reduction>","1","1"
"54094","1","Question","2019-06-19 15:43:06","0","651","<data-mining><predictive-modeling><visualization><machine-learning-model><kaggle>","1",""
"54096","1","Question","2019-06-19 16:20:18","0","50","<machine-learning><random-forest><decision-trees><linear-regression><machine-learning-model>","0",""
"54098","1","Question","2019-06-19 17:01:52","1","19","<machine-learning><scikit-learn><random-forest><machine-learning-model><data-science-model>","0",""
"54099","1","Question","2019-06-19 17:18:22","0","27","<machine-learning><dropout><generalization>","1",""
"54103","1","Question","2019-06-19 18:24:00","2","42","<classification><multiclass-classification>","1","1"
"54105","1","Question","2019-06-19 18:42:35","0","108","<classification>","2",""
"54108","1","Question","2019-06-19 21:57:37","0","119","<cnn><accuracy><pooling>","0",""
"54110","1","Question","2019-06-19 22:34:48","0","15","<classification><multiclass-classification>","1",""
"54111","1","Question","2019-06-19 23:40:03","1","106","<time-series><clustering><lstm><data><preprocessing>","0",""
"54112","1","Question","2019-06-20 00:04:10","1","1304","<machine-learning><data-cleaning><feature-engineering><feature-extraction><feature-scaling>","1",""
"54118","1","Question","2019-06-20 03:39:19","2","121","<machine-learning><python><pytorch><weight-initialization>","0",""
"54120","1","Question","2019-06-20 04:48:43","1","342","<python><nlp><word-embeddings><word>","2",""
"54127","1","Question","2019-06-20 06:15:31","1","66","<machine-learning><classification><dataset><statistics><data-science-model>","1",""
"54134","1","Question","2019-06-20 08:42:11","1","118","<keras><tensorflow><rstudio>","2",""
"54138","1","Question","2019-06-20 09:06:34","6","8732","<machine-learning><time-series><categorical-data>","3","3"
"54142","1","Question","2019-06-20 09:40:33","0","478","<machine-learning><linear-regression><gradient-descent>","1",""
"54150","1","Question","2019-06-20 11:57:05","0","650","<dataset>","2",""
"54152","1","Question","2019-06-20 12:15:42","1","235","<lstm><rnn><forecasting><generalization>","1",""
"54153","1","Question","2019-06-20 12:23:09","0","36","<recommender-system><cosine-distance>","1",""
"54158","1","Question","2019-06-20 14:00:16","1","47","<python><xgboost><cross-validation><class-imbalance><probability-calibration>","2",""
"54159","1","Question","2019-06-20 14:01:54","2","3587","<neural-network><keras><tensorflow>","2","1"
"54163","1","Question","2019-06-20 15:08:10","1","393","<cnn><hyperparameter-tuning><grid-search><gridsearchcv><finetuning>","1",""
"54166","1","Question","2019-06-20 15:45:22","0","48","<neural-network><keras><nlp><word2vec>","2",""
"54167","1","Question","2019-06-20 16:01:09","0","1222","<machine-learning><normalization>","2",""
"54168","1","Question","2019-06-20 16:06:44","0","104","<image-classification><multiclass-classification><finetuning>","2",""
"54178","1","Question","2019-06-20 18:22:06","3","2565","<preprocessing><normalization><image-preprocessing>","1","1"
"54181","1","Question","2019-06-21 00:01:08","1","27","<bigdata><apache-spark><scala>","0",""
"54182","1","Question","2019-06-21 00:02:15","1","33","<machine-learning><tensorflow>","0",""
"54184","1","Question","2019-06-21 00:43:45","0","204","<feature-selection><xgboost>","3","1"
"54185","1","Question","2019-06-21 01:18:42","0","260","<machine-learning><normalization>","1",""
"54186","1","Question","2019-06-21 01:56:22","0","71","<machine-learning><text-mining><information-retrieval><automatic-summarization>","2",""
"54187","1","Question","2019-06-21 02:09:19","2","93","<deep-learning><image-classification><gan>","1",""
"54192","1","Question","2019-06-21 04:24:52","5","1206","<machine-learning><neural-network><deep-learning><serialisation>","2","1"
"54194","1","Question","2019-06-21 05:37:37","2","2190","<machine-learning><scikit-learn><random-forest>","1","0"
"54198","1","Question","2019-06-21 07:28:10","0","1564","<machine-learning><time-series><rnn><forecasting>","2",""
"54208","1","Question","2019-06-21 09:56:33","1","698","<machine-learning><deep-learning><keras><image-classification><machine-learning-model>","4","1"
"54210","1","Question","2019-06-21 10:15:52","1","951","<python><tensorflow>","1",""
"54212","1","Question","2019-06-21 11:01:47","2","24","<neural-network><dropout>","0",""
"54214","1","Question","2019-06-21 11:48:16","4","64497","<scikit-learn><pandas><numpy>","2","1"
"54226","1","Question","2019-06-21 14:51:06","0","22","<machine-learning><neural-network><regression>","0",""
"54228","1","Question","2019-06-21 15:38:05","0","351","<r><linear-regression>","2",""
"54230","1","Question","2019-06-21 15:52:36","9","4559","<nlp><word2vec><word-embeddings><dimensionality-reduction><embeddings>","2","3"
"54231","1","Question","2019-06-21 16:22:10","1","123","<logistic-regression>","1",""
"54232","1","Question","2019-06-21 16:25:16","19","12708","<word2vec><word-embeddings><bert>","5","14"
"54236","1","Question","2019-06-21 17:01:22","1","48","<reinforcement-learning><dqn>","0",""
"54237","1","Question","2019-06-21 17:48:55","8","3593","<time-series><predictive-modeling><linear-regression>","2","2"
"54238","1","Question","2019-06-21 17:49:41","0","17","<machine-learning><python><keras>","0",""
"54244","1","Question","2019-06-21 19:26:20","3","3175","<machine-learning><data><categorical-data><numerical>","3","2"
"54257","1","Question","2019-06-21 22:02:45","1","48","<nlp><dataset>","2",""
"54258","1","Question","2019-06-21 22:35:56","3","5520","<keras><cnn><activation-function>","1",""
"54259","1","Question","2019-06-21 22:44:19","0","22","<statistics>","2",""
"54260","1","Question","2019-06-21 23:44:48","2","1158","<scikit-learn><preprocessing>","3","1"
"54263","1","Question","2019-06-22 00:24:56","0","48","<machine-learning>","1",""
"54270","1","Question","2019-06-22 06:03:31","1","42","<time-series>","0",""
"54273","1","Question","2019-06-22 07:49:47","5","330","<python><keras><convolutional-neural-network>","3","1"
"54277","1","Question","2019-06-22 08:23:30","1","631","<machine-learning><reinforcement-learning><q-learning>","2",""
"54279","1","Question","2019-06-22 09:04:54","1","137","<machine-learning><data-mining><machine-learning-model>","1",""
"54280","1","Question","2019-06-22 09:33:57","1","1658","<machine-learning><scikit-learn><collinearity>","3",""
"54281","1","Question","2019-06-22 10:32:55","3","240","<machine-learning><svm><regularization><hinge-loss>","2",""
"54288","1","Question","2019-06-22 13:11:58","0","211","<classification><keras><predictive-modeling><lstm><multiclass-classification>","2",""
"54289","1","Question","2019-06-22 13:51:39","4","203","<scikit-learn><linear-regression>","3","2"
"54292","1","Question","2019-06-22 14:12:40","1","752","<neural-network><autoencoder><dimensionality-reduction>","1",""
"54293","1","Question","2019-06-22 15:08:00","1","204","<deep-learning><neural-network><keras><image-classification><convolutional-neural-network>","1",""
"54296","1","Question","2019-06-22 16:48:46","6","5437","<normalization>","4","3"
"54306","1","Question","2019-06-22 19:34:13","2","1492","<deep-learning><keras><cnn><object-detection><transfer-learning>","0",""
"54313","1","Question","2019-06-23 01:25:13","1","655","<neural-network><distribution><gaussian><openai-gym><actor-critic>","1","1"
"54320","1","Question","2019-06-23 06:19:42","1","103","<python><keras><convolutional-neural-network>","1",""
"54327","1","Question","2019-06-23 10:28:49","0","96","<deep-learning><training><rnn>","3",""
"54330","1","Question","2019-06-23 11:20:34","0","168","<classification><autoencoder><encoding>","1","1"
"54332","1","Question","2019-06-23 11:43:33","1","425","<nltk><cosine-distance>","1",""
"54333","1","Question","2019-06-23 12:09:50","1","80","<one-shot-learning>","0",""
"54337","1","Question","2019-06-23 15:55:00","2","58","<machine-learning><svm>","1",""
"54341","1","Question","2019-06-23 17:30:18","0","321","<clustering><data-cleaning>","2","1"
"54343","1","Question","2019-06-23 18:12:53","0","34","<r><data-cleaning>","1",""
"54346","1","Question","2019-06-23 19:56:45","3","1192","<machine-learning><probability>","1","2"
"54350","1","Question","2019-06-23 22:40:50","0","126","<r><clustering><matrix>","0",""
"54351","1","Question","2019-06-23 23:30:22","1","51","<machine-learning><python><time-series><prediction>","1",""
"54352","1","Question","2019-06-23 23:38:37","0","92","<predictive-modeling>","3","1"
"54364","1","Question","2019-06-24 06:09:15","0","69","<machine-learning><python><neural-network><backpropagation>","1",""
"54369","1","Question","2019-06-24 08:31:54","2","336","<machine-learning><deep-learning><supervised-learning><gan>","1","1"
"54370","1","Question","2019-06-24 08:41:17","1","49","<text-mining><nlp><sentiment-analysis>","1",""
"54374","1","Question","2019-06-24 09:33:19","1","4025","<python><time-series><excel>","1",""
"54377","1","Question","2019-06-24 09:53:27","2","148","<machine-learning><python><data-mining><numpy><normalization>","1","2"
"54379","1","Question","2019-06-24 10:02:17","0","172","<deep-learning><keras><loss-function><metric>","1",""
"54381","1","Question","2019-06-24 10:50:18","4","251","<word2vec><word-embeddings>","1",""
"54382","1","Question","2019-06-24 11:11:44","1","41","<dataset><csv><matrix>","2","0"
"54384","1","Question","2019-06-24 11:43:35","6","120","<machine-learning><categorical-data><beginner><encoding><k-nn>","1","1"
"54386","1","Question","2019-06-24 11:55:07","0","244","<python><neural-network><deep-learning><keras>","1",""
"54387","1","Question","2019-06-24 12:32:22","0","299","<r><clustering><k-means><plotting>","3",""
"54390","1","Question","2019-06-24 13:06:49","4","4203","<features>","2","1"
"54398","1","Question","2019-06-24 15:12:48","0","115","<cnn>","0",""
"54401","1","Question","2019-06-24 15:32:22","0","170","<machine-learning><neural-network><dataset><cnn><convolution>","1",""
"54402","1","Question","2019-06-24 15:32:44","0","37","<python><tensorflow>","2",""
"54407","1","Question","2019-06-24 16:57:57","0","220","<visualization><machine-learning-model><data-science-model>","1",""
"54409","1","Question","2019-06-24 19:16:13","1","574","<machine-learning><neural-network><data-science-model>","2",""
"54412","1","Question","2019-06-24 21:26:21","4","4045","<nlp><cnn><pytorch><transfer-learning><bert>","2","4"
"54413","1","Question","2019-06-24 22:11:19","1","560","<machine-learning><python><data-mining><numpy><linear-algebra>","1","0"
"54414","1","Question","2019-06-24 23:48:03","0","2316","<matrix>","2",""
"54427","1","Question","2019-06-25 05:18:33","0","29","<data-cleaning><sql>","1",""
"54430","1","Question","2019-06-25 06:03:30","0","69","<regression><linear-regression><feature-engineering>","1","1"
"54432","1","Question","2019-06-25 06:46:58","0","50","<neural-network><classification><regression>","0",""
"54433","1","Question","2019-06-25 07:04:37","1","58","<neural-network><predictive-modeling><correlation>","1",""
"54436","1","Question","2019-06-25 07:29:41","0","8558","<machine-learning><python><data><data-analysis><anaconda>","1","1"
"54441","1","Question","2019-06-25 08:44:45","1","41","<python><deep-learning><image-recognition><convolutional-neural-network>","1",""
"54443","1","Question","2019-06-25 09:30:07","2","1582","<python><deep-learning><keras><tensorflow>","1",""
"54450","1","Question","2019-06-25 11:44:43","5","1075","<dataset><data><training><evaluation><object-detection>","1","2"
"54453","1","Question","2019-06-25 12:12:45","2","153","<regression><cross-validation>","1","1"
"54464","1","Question","2019-06-25 13:06:41","1","310","<text-mining><information-retrieval><topic-model>","1",""
"54465","1","Question","2019-06-25 13:07:27","2","32","<clustering><linear-regression>","1",""
"54467","1","Question","2019-06-25 14:17:25","2","398","<nlp><word2vec>","0",""
"54472","1","Question","2019-06-25 15:59:35","2","372","<python><pandas><data-cleaning>","2",""
"54473","1","Question","2019-06-25 16:01:20","1","484","<neural-network><multiclass-classification><dimensionality-reduction><regularization>","2",""
"54477","1","Question","2019-06-25 17:00:50","2","390","<neural-network><deep-learning><keras><tensorflow><cnn>","5",""
"54478","1","Question","2019-06-25 17:03:35","2","267","<neural-network><hyperparameter><hyperparameter-tuning>","0",""
"54480","1","Question","2019-06-25 17:09:49","1","248","<machine-learning><tensorflow>","1",""
"54483","1","Question","2019-06-25 17:33:51","1","206","<machine-learning><python><keras><time-series><regression>","1",""
"54485","1","Question","2019-06-25 18:35:13","0","616","<keras><convolutional-neural-network>","2",""
"54489","1","Question","2019-06-25 19:51:24","0","53","<machine-learning><cross-validation><variance><bias>","2",""
"54491","1","Question","2019-06-25 20:14:51","4","9328","<keras>","1","0"
"54492","1","Question","2019-06-25 20:43:10","0","136","<machine-learning><python><scikit-learn><data-science-model>","2",""
"54498","1","Question","2019-06-25 21:39:09","0","5669","<keras><deep-learning><implementation>","2",""
"54507","1","Question","2019-06-26 02:06:19","2","5523","<machine-learning><deep-learning><dataset><image-classification><computer-vision>","2",""
"54508","1","Question","2019-06-26 02:22:34","1","27","<svm>","1",""
"54510","1","Question","2019-06-26 05:06:18","1","81","<seaborn>","0",""
"54511","1","Question","2019-06-26 05:36:51","0","1561","<deep-learning><keras>","0",""
"54513","1","Question","2019-06-26 06:05:38","2","151","<deep-learning><bayesian><monte-carlo>","1",""
"54515","1","Question","2019-06-26 06:30:32","1","69","<machine-learning><python><classification><model-selection><classifier>","1",""
"54516","1","Question","2019-06-26 06:56:04","0","80","<python><pandas><dataframe><bioinformatics>","0",""
"54517","1","Question","2019-06-26 07:08:48","0","44","<classification><nlp><word2vec><word-embeddings><text>","1","1"
"54529","1","Question","2019-06-26 09:27:10","1","65","<python><pandas><ipython>","1",""
"54534","1","Question","2019-06-26 10:54:56","0","25","<image>","2",""
"54535","1","Question","2019-06-26 11:43:34","0","41","<machine-learning><project-planning>","1",""
"54536","1","Question","2019-06-26 11:47:44","1","125","<deep-learning><convolution><backpropagation>","1",""
"54540","1","Question","2019-06-26 12:36:05","1","40","<neural-network><deep-learning>","2","1"
"54542","1","Question","2019-06-26 13:06:27","2","342","<python><dropout>","1",""
"54546","1","Question","2019-06-26 14:09:13","2","47","<machine-learning><python><neural-network><deep-learning><transfer-learning>","2",""
"54548","1","Question","2019-06-26 14:32:49","6","4584","<neural-network><deep-learning><faster-rcnn><vgg16>","2","1"
"54549","1","Question","2019-06-26 15:46:45","3","2454","<python><tensorflow><lstm><rnn>","1","1"
"54550","1","Question","2019-06-26 15:48:44","4","547","<gridsearchcv><colab>","1",""
"54558","1","Question","2019-06-26 15:12:20","1","98","<mathematics><machine-learning><statistics>","0",""
"54564","1","Question","2019-06-26 18:40:26","0","253","<nlp><word-embeddings><missing-data><text><embeddings>","1",""
"54570","1","Question","2019-06-26 19:15:13","2","167","<algorithms><supervised-learning><search>","1",""
"54574","1","Question","2019-06-26 20:26:41","2","124","<scikit-learn><machine-learning-model><supervised-learning><data-science-model>","2",""
"54576","1","Question","2019-06-26 21:43:18","2","314","<recommender-system><matrix-factorisation>","1",""
"54577","1","Question","2019-06-26 21:59:42","0","3009","<pandas><dataframe>","1",""
"54590","1","Question","2019-06-27 04:41:01","1","10844","<python><pandas>","2",""
"54593","1","Question","2019-06-27 06:08:48","0","176","<python><nltk><named-entity-recognition>","1",""
"54594","1","Question","2019-06-27 06:25:59","0","566","<python><scikit-learn><pandas><ranking>","1",""
"54597","1","Question","2019-06-27 07:50:02","1","57","<python><pytorch>","1",""
"54601","1","Question","2019-06-27 08:59:43","3","1838","<machine-learning><deep-learning><image-classification>","5",""
"54602","1","Question","2019-06-27 09:16:10","0","522","<python><data-mining><pca><dimensionality-reduction><variance>","1",""
"54612","1","Question","2019-06-27 10:51:32","2","300","<xgboost><marketing>","1",""
"54617","1","Question","2019-06-27 13:39:25","2","2062","<machine-learning><python><pandas>","1","0"
"54618","1","Question","2019-06-27 13:43:07","0","577","<neural-network><tensorflow><convolution><autoencoder>","1",""
"54620","1","Question","2019-06-27 14:12:36","0","3162","<pytorch><batch-normalization>","2",""
"54626","1","Question","2019-06-27 15:20:43","1","25","<neural-network><deep-learning><keras><cnn><gan>","0",""
"54628","1","Question","2019-06-27 15:29:59","2","554","<machine-learning><classification><performance>","1",""
"54629","1","Question","2019-06-27 15:42:55","1","274","<machine-learning><python><keras><training><plotting>","2",""
"54630","1","Question","2019-06-27 15:44:03","1","126","<classification><time-series><lstm><survival-analysis>","1",""
"54633","1","Question","2019-06-27 16:12:46","0","1355","<dataset><statistics><visualization><k-means><normalization>","2",""
"54635","1","Question","2019-06-27 17:28:48","0","36","<machine-learning><data-mining><linear-regression><scraping>","1",""
"54640","1","Question","2019-06-27 18:44:07","1","31","<r><graphs>","0","1"
"54642","1","Question","2019-06-27 19:41:58","1","86","<classification><dataset>","1","1"
"54643","1","Question","2019-06-27 20:16:02","0","171","<machine-learning><neural-network><machine-learning-model>","0",""
"54651","1","Question","2019-06-28 03:54:22","0","127","<classification><data-mining><dataset>","2",""
"54652","1","Question","2019-06-28 04:23:56","1","101","<gradient-descent><distributed><parallel><mathematics>","0",""
"54654","1","Question","2019-06-28 05:44:00","0","59","<machine-learning><python><classification><scikit-learn>","1",""
"54657","1","Question","2019-06-28 06:24:15","0","616","<neural-network><deep-learning><lstm><svm><svr>","2",""
"54663","1","Question","2019-06-28 07:30:42","2","14","<scikit-learn><svm><feature-extraction><transfer-learning><inception>","0",""
"54664","1","Question","2019-06-28 07:35:13","3","147","<deep-learning><pca><linear-algebra>","1","1"
"54670","1","Question","2019-06-28 09:10:13","1","909","<neural-network><deep-learning><keras>","1",""
"54671","1","Question","2019-06-28 09:14:42","1","399","<deep-learning><nlp><preprocessing><text>","2","1"
"54673","1","Question","2019-06-28 09:32:45","0","20","<deep-learning><3d-reconstruction>","0",""
"54675","1","Question","2019-06-28 09:39:51","2","160","<scikit-learn><decision-trees><outlier>","1",""
"54676","1","Question","2019-06-28 09:40:46","1","216","<jupyter>","1",""
"54678","1","Question","2019-06-28 09:50:45","0","1406","<deep-learning><keras><tensorflow><loss-function>","0",""
"54681","1","Question","2019-06-28 10:34:41","3","323","<python><gan><object-detection><generative-models>","1","2"
"54682","1","Question","2019-06-28 11:19:06","1","136","<neural-network>","1",""
"54684","1","Question","2019-06-28 12:28:58","4","234","<machine-learning><scikit-learn><regression><decision-trees>","3","2"
"54686","1","Question","2019-06-28 13:16:12","3","9111","<python><time-series>","2","1"
"54689","1","Question","2019-06-28 13:28:42","0","50","<machine-learning><python><scikit-learn><data-science-model>","3",""
"54690","1","Question","2019-06-28 13:39:01","1","149","<class-imbalance><smote><imbalanced-learn><smotenc>","1","1"
"54694","1","Question","2019-06-28 14:06:40","0","35","<keras><dataset>","1","0"
"54698","1","Question","2019-06-28 14:53:22","1","27","<scikit-learn>","1",""
"54701","1","Question","2019-06-28 15:41:59","1","47","<mathematics>","1","1"
"54702","1","Question","2019-06-28 15:44:13","1","40","<machine-learning><python><classification><regression><machine-learning-model>","2",""
"54707","1","Question","2019-06-28 16:51:31","2","218","<machine-learning><nlp>","3",""
"54708","1","Question","2019-06-28 17:01:25","1","172","<reinforcement-learning>","1",""
"54711","1","Question","2019-06-28 18:13:11","1","20","<python><nlp>","0",""
"54721","1","Question","2019-06-28 20:59:53","0","38","<reinforcement-learning><markov-process>","1",""
"54723","1","Question","2019-06-28 22:20:32","1","45","<machine-learning><nlp><text-mining>","1",""
"54726","1","Question","2019-06-28 23:19:53","2","34","<machine-learning><deep-learning><time-series><algorithms><supervised-learning>","0","1"
"54727","1","Question","2019-06-29 00:08:45","0","53","<cnn><feature-map>","1",""
"54731","1","Question","2019-06-29 04:40:54","2","126","<neural-network>","1",""
"54735","1","Question","2019-06-29 09:36:08","0","83","<neural-network><keras><gan><object-detection><generative-models>","1",""
"54738","1","Question","2019-06-29 11:15:57","1","75","<machine-learning><neural-network><backpropagation>","0","1"
"54739","1","Question","2019-06-29 11:16:07","4","173","<python><similar-documents><data-wrangling>","2","1"
"54742","1","Question","2019-06-29 12:50:41","1","312","<python><keras><scikit-learn><cross-validation><hyperparameter-tuning>","0","0"
"54747","1","Question","2019-06-29 17:43:52","0","4767","<dataset><pandas><data-cleaning><dataframe>","1","1"
"54748","1","Question","2019-06-29 18:28:34","2","783","<nlp><xgboost><prediction><performance>","1","1"
"54749","1","Question","2019-06-29 18:42:25","1","25","<nlp>","0",""
"54750","1","Question","2019-06-29 20:21:47","0","686","<machine-learning><python><scikit-learn><pandas><numpy>","2",""
"54751","1","Question","2019-06-29 20:28:29","4","5000","<python><regression><random-forest><logistic-regression>","3","4"
"54754","1","Question","2019-06-29 21:17:38","1","101","<python>","1",""
"54756","1","Question","2019-06-29 21:54:35","0","409","<python><statistics><geospatial>","1",""
"54759","1","Question","2019-06-29 23:08:34","1","635","<python><clustering><text-mining><dbscan>","1",""
"54763","1","Question","2019-06-30 01:55:32","1","127","<machine-learning><machine-learning-model><feature-construction>","2","1"
"54764","1","Question","2019-06-30 02:44:25","0","174","<nlp><training><pytorch><transformer>","1",""
"54768","1","Question","2019-06-30 06:51:33","2","1432","<machine-learning>","2",""
"54769","1","Question","2019-06-30 07:12:28","1","48","<nlp><similarity>","1",""
"54771","1","Question","2019-06-30 08:13:12","0","27","<machine-learning><deep-learning><image-recognition>","1",""
"54777","1","Question","2019-06-30 10:41:48","1","89","<gan>","0",""
"54778","1","Question","2019-06-30 10:52:03","1","342","<machine-learning><python><classification><hyperparameter><k-nn>","1",""
"54783","1","Question","2019-06-30 12:56:08","0","56","<k-means><outlier>","3",""
"54789","1","Question","2019-06-30 14:36:58","2","60","<machine-learning><predictive-modeling><algorithms>","1",""
"54790","1","Question","2019-06-30 15:25:43","0","264","<statistics><algorithms>","1",""
"54793","1","Question","2019-06-30 16:24:24","1","704","<python>","1",""
"54794","1","Question","2019-06-30 18:03:52","1","250","<vc-theory>","1",""
"54796","1","Question","2019-06-30 18:54:34","2","3556","<machine-learning><python><scikit-learn><vector-space-models>","0","1"
"54798","1","Question","2019-06-30 20:00:54","1","57","<orange>","0",""
"54799","1","Question","2019-06-30 22:33:24","1","85","<image-classification>","2","1"
"54804","1","Question","2019-07-01 01:24:43","0","26","<r><probability>","1",""
"54805","1","Question","2019-07-01 02:23:55","0","39","<python><crawling>","1",""
"54806","1","Question","2019-07-01 03:30:30","3","2426","<nlp><word2vec><word-embeddings>","3","1"
"54808","1","Question","2019-07-01 04:15:25","8","20291","<time-series><pandas><numpy><outlier><seaborn>","3","3"
"54811","1","Question","2019-07-01 05:35:30","1","79","<recommender-system><movielens>","0",""
"54812","1","Question","2019-07-01 06:05:45","0","717","<deep-learning><cnn><image-recognition><image-preprocessing><image-size>","2",""
"54813","1","Question","2019-07-01 06:14:43","1","213","<regularization>","1",""
"54815","1","Question","2019-07-01 06:32:26","1","279","<numpy><image-preprocessing><reshape>","1",""
"54818","1","Question","2019-07-01 06:41:55","0","8017","<numpy><jupyter><csv><ipython>","1",""
"54821","1","Question","2019-07-01 07:33:02","0","184","<machine-learning><neural-network><deep-learning><cnn>","1",""
"54826","1","Question","2019-07-01 08:06:20","0","1960","<python><time-series><statistics><prediction><forecast>","0","2"
"54832","1","Question","2019-07-01 09:34:28","0","42","<machine-learning><scikit-learn><matplotlib><distribution>","2",""
"54833","1","Question","2019-07-01 09:41:05","0","14","<classification><probability>","1",""
"54834","1","Question","2019-07-01 09:54:45","0","41","<python><pandas><lstm>","0",""
"54835","1","Question","2019-07-01 10:03:15","2","49","<clustering>","1","2"
"54838","1","Question","2019-07-01 10:36:55","0","243","<machine-learning><classification><algorithms><methodology>","0","0"
"54839","1","Question","2019-07-01 10:48:46","0","63","<classification><recommender-system>","1","1"
"54842","1","Question","2019-07-01 11:23:03","2","158","<neural-network><reinforcement-learning>","1",""
"54847","1","Question","2019-07-01 13:04:35","2","180","<outlier>","3",""
"54849","1","Question","2019-07-01 13:21:59","2","220","<deep-learning><reinforcement-learning><policy-gradients>","0",""
"54850","1","Question","2019-07-01 13:39:06","2","4945","<python><time-series><visualization><matplotlib>","2",""
"54852","1","Question","2019-07-01 13:44:55","0","180","<python><visualization>","1",""
"54855","1","Question","2019-07-01 14:03:37","1","99","<machine-learning><orange><orange3>","0",""
"54856","1","Question","2019-07-01 14:06:20","0","185","<neural-network><gradient-descent><autoencoder><dimensionality-reduction><mini-batch-gradient-descent>","1",""
"54860","1","Question","2019-07-01 14:42:16","0","368","<python>","0",""
"54861","1","Question","2019-07-01 15:02:25","2","41","<machine-learning><svm><regularization><perceptron>","1",""
"54873","1","Question","2019-07-01 19:58:09","6","3141","<python><scikit-learn><unsupervised-learning><anomaly-detection><outlier>","1",""
"54877","1","Question","2019-07-01 21:59:22","2","530","<machine-learning><neural-network><deep-learning><optimization><gradient-descent>","3","2"
"54878","1","Question","2019-07-01 22:48:43","2","56","<anomaly-detection><outlier>","0",""
"54885","1","Question","2019-07-02 05:51:21","0","116","<machine-learning><statistics><data-science-model><feature-scaling><distribution>","2","0"
"54886","1","Question","2019-07-02 05:54:38","0","81","<orange><opencv><orange3>","0",""
"54887","1","Question","2019-07-02 06:39:48","1","45","<keras><computer-vision><image-preprocessing><inceptionresnetv2>","2","1"
"54888","1","Question","2019-07-02 06:41:19","2","2525","<deep-learning><tensorflow><bert>","1","1"
"54889","1","Question","2019-07-02 06:59:24","1","117","<python><forecasting>","0","1"
"54890","1","Question","2019-07-02 07:18:18","0","7036","<machine-learning><python><pandas><data-science-model><kaggle>","1","1"
"54891","1","Question","2019-07-02 07:25:03","2","218","<machine-learning><python><nlp><data-cleaning>","1",""
"54899","1","Question","2019-07-02 10:02:17","1","220","<neural-network><keras><overfitting><regularization><dropout>","1",""
"54902","1","Question","2019-07-02 10:50:14","1","34","<machine-learning><normalization>","1",""
"54904","1","Question","2019-07-02 11:14:33","0","2304","<python><scikit-learn><feature-extraction><tokenization>","4",""
"54905","1","Question","2019-07-02 11:15:26","2","109","<machine-learning><time-series><anomaly-detection><autoencoder>","0",""
"54906","1","Question","2019-07-02 11:27:51","2","175","<neural-network><nlp><word2vec><word-embeddings><bert>","0",""
"54907","1","Question","2019-07-02 12:20:02","7","13130","<pytorch>","1","2"
"54908","1","Question","2019-07-02 12:21:41","22","15798","<normalization>","3","7"
"54914","1","Question","2019-07-02 13:43:55","0","57","<statistics><visualization><data-analysis>","1",""
"54920","1","Question","2019-07-02 16:23:04","0","435","<machine-learning><python><neural-network><image-classification>","1",""
"54921","1","Question","2019-07-02 16:30:10","1","113","<xgboost><evaluation>","0","0"
"54922","1","Question","2019-07-02 16:43:04","5","2212","<classification><scikit-learn><random-forest><class-imbalance><probability-calibration>","2","2"
"54923","1","Question","2019-07-02 16:51:01","1","771","<statistics><visualization><data-science-model><matplotlib><seaborn>","1",""
"54927","1","Question","2019-07-02 18:12:32","1","19","<classification><probability-calibration>","0","0"
"54928","1","Question","2019-07-02 18:16:25","0","45","<keras><lstm><rnn><prediction>","1",""
"54933","1","Question","2019-07-02 21:38:00","1","50","<classification><class-imbalance><smote>","1",""
"54935","1","Question","2019-07-02 22:09:32","1","51","<machine-learning><svm><logistic-regression>","0","0"
"54936","1","Question","2019-07-02 22:24:49","-1","47","<clustering>","2","0"
"54937","1","Question","2019-07-02 22:34:47","2","28","<predictive-modeling><xgboost><prediction><evaluation>","1",""
"54939","1","Question","2019-07-02 23:06:35","2","178","<preprocessing><normalization><markov-hidden-model><expectation-maximization>","0",""
"54942","1","Question","2019-07-03 01:37:43","1","90","<machine-learning><regression>","0",""
"54943","1","Question","2019-07-03 01:43:23","0","145","<scikit-learn><nltk>","1",""
"54946","1","Question","2019-07-03 03:03:01","1","58","<recommender-system><distance><k-nn>","2",""
"54947","1","Question","2019-07-03 03:14:57","3","1339","<data-mining><data-cleaning><data-science-model>","1","1"
"54950","1","Question","2019-07-03 03:20:51","0","253","<predictive-modeling><linear-regression><prediction>","1",""
"54960","1","Question","2019-07-03 06:18:58","0","2351","<machine-learning><python><pandas><feature-engineering><kaggle>","2",""
"54961","1","Question","2019-07-03 06:53:40","-1","3503","<python><pandas><data-cleaning><feature-engineering>","2",""
"54965","1","Question","2019-07-03 07:20:23","1","43","<machine-learning><recommender-system>","0","1"
"54984","1","Question","2019-07-03 12:51:27","1","25","<image-classification><computer-vision><labels>","1",""
"54985","1","Question","2019-07-03 13:13:29","0","169","<deep-learning><keras><cnn><vgg16>","1",""
"54987","1","Question","2019-07-03 13:43:37","0","14","<optimization><prediction>","0",""
"54992","1","Question","2019-07-03 15:18:16","0","3328","<python><numpy><scipy>","1",""
"54994","1","Question","2019-07-03 15:24:56","0","61","<python><data-science-model><hardware>","0",""
"54998","1","Question","2019-07-03 17:41:19","0","71","<nlp>","2",""
"54999","1","Question","2019-07-03 17:45:02","0","76","<machine-learning><decision-trees>","0",""
"55004","1","Question","2019-07-03 19:10:53","0","37","<machine-learning><tensorflow>","1",""
"55005","1","Question","2019-07-03 19:11:12","1","1758","<machine-learning><python><deep-learning><openai-gym>","2","1"
"55009","1","Question","2019-07-03 19:45:48","8","83","<machine-learning><classification><predictive-modeling><multilabel-classification><class-imbalance>","2","3"
"55011","1","Question","2019-07-03 19:50:56","1","939","<k-means>","0",""
"55013","1","Question","2019-07-03 20:50:54","0","784","<deep-learning><autoencoder>","2","2"
"55014","1","Question","2019-07-03 20:54:06","1","912","<keras><computer-vision><object-detection>","1",""
"55015","1","Question","2019-07-03 21:39:09","2","52","<machine-learning><classification><regression><categorical-data><encoding>","0",""
"55016","1","Question","2019-07-03 21:50:11","0","32","<neural-network><gradient-descent><backpropagation>","1",""
"55017","1","Question","2019-07-03 22:09:12","0","33","<machine-learning><python><bigdata>","0",""
"55019","1","Question","2019-07-04 02:40:56","0","59","<machine-learning><nlp><regression><model-selection>","1",""
"55022","1","Question","2019-07-04 05:13:01","1","28","<python><deep-learning><keras><cnn><image-classification>","0",""
"55023","1","Question","2019-07-04 06:21:48","0","179","<python><deep-learning><autoencoder>","1",""
"55026","1","Question","2019-07-04 07:38:19","1","107","<machine-learning><scikit-learn>","3",""
"55031","1","Question","2019-07-04 09:21:29","0","95","<python><scikit-learn><regression><k-nn>","1",""
"55032","1","Question","2019-07-04 09:24:26","0","44","<machine-learning><python><tensorflow><pandas><data-science-model>","2",""
"55033","1","Question","2019-07-04 09:38:11","1","59","<python><time-series><pandas><lstm>","0",""
"55034","1","Question","2019-07-04 09:40:08","1","25","<machine-learning><python><nlp><stanford-nlp>","1",""
"55038","1","Question","2019-07-04 10:05:27","4","681","<dataset>","3","1"
"55039","1","Question","2019-07-04 10:12:47","1","72","<optimization><hyperparameter><bayesian><parallel>","2","1"
"55041","1","Question","2019-07-04 11:05:23","1","117","<regression><image-classification>","1",""
"55044","1","Question","2019-07-04 11:29:21","2","452","<classification><probability-calibration>","1",""
"55046","1","Question","2019-07-04 12:07:33","1","1857","<neural-network><deep-learning><keras><cnn>","1","1"
"55048","1","Question","2019-07-04 12:31:12","0","1865","<python><keras><scikit-learn>","2",""
"55049","1","Question","2019-07-04 12:38:28","1","113","<neural-network><convolution><convolutional-neural-network>","1",""
"55050","1","Question","2019-07-04 13:08:49","1","1923","<neural-network><deep-learning><keras><tensorflow>","2",""
"55051","1","Question","2019-07-04 13:15:48","1","277","<python><keras>","0",""
"55052","1","Question","2019-07-04 13:19:33","2","193","<orange><scipy><orange3>","0","1"
"55054","1","Question","2019-07-04 13:32:11","1","881","<python><keras>","1",""
"55060","1","Question","2019-07-04 14:58:36","1","78","<python><keras>","1","1"
"55063","1","Question","2019-07-04 15:00:06","2","338","<machine-learning><feature-selection><data-science-model><features>","2","1"
"55066","1","Question","2019-07-04 15:30:20","3","4823","<machine-learning><python><preprocessing><pca>","2",""
"55067","1","Question","2019-07-04 15:42:01","0","45","<neural-network><deep-learning><similarity>","0",""
"55083","1","Question","2019-07-04 17:13:36","1","26","<machine-learning><neural-network><optimization><gradient-descent><momentum>","0",""
"55085","1","Question","2019-07-04 17:59:53","0","102","<python><pandas><finance>","1",""
"55090","1","Question","2019-07-04 19:11:56","7","5428","<gan><generative-models>","1","4"
"55091","1","Question","2019-07-04 19:46:56","2","55","<deep-learning><time-series><rnn>","1",""
"55092","1","Question","2019-07-04 20:07:38","0","441","<cnn><pytorch>","1",""
"55093","1","Question","2019-07-04 20:50:52","0","70","<deep-learning><cross-validation>","1",""
"55095","1","Question","2019-07-04 21:13:57","2","871","<computer-vision><gan><generative-models>","1",""
"55096","1","Question","2019-07-04 21:20:31","1","69","<python>","0",""
"55099","1","Question","2019-07-04 22:02:16","2","161","<neural-network><backpropagation><notation>","1","1"
"55103","1","Question","2019-07-05 00:39:45","2","518","<keras><image-classification><data-augmentation><image-preprocessing>","2",""
"55108","1","Question","2019-07-05 02:48:35","1","70","<neural-network><deep-learning>","0",""
"55112","1","Question","2019-07-05 05:58:53","0","320","<neural-network><deep-learning><lstm><stacked-lstm>","1","1"
"55116","1","Question","2019-07-05 07:27:45","0","386","<machine-learning><deep-learning><mnist>","2",""
"55117","1","Question","2019-07-05 07:31:02","1","37","<gradient-descent><pytorch>","1",""
"55118","1","Question","2019-07-05 08:07:18","2","77","<machine-learning>","1",""
"55119","1","Question","2019-07-05 08:21:24","0","1513","<machine-learning><python><pandas><feature-engineering><kaggle>","1",""
"55121","1","Question","2019-07-05 08:31:19","1","507","<machine-learning><gan><generative-models>","2",""
"55125","1","Question","2019-07-05 08:54:51","2","295","<machine-learning><python><similarity><correlation>","2",""
"55128","1","Question","2019-07-05 09:23:38","2","179","<boosting>","2","1"
"55131","1","Question","2019-07-05 10:36:55","0","142","<deep-learning><classification><regression>","1",""
"55133","1","Question","2019-07-05 11:32:26","0","44","<machine-learning><python><time-series><pandas><forecasting>","1",""
"55134","1","Question","2019-07-05 11:33:57","0","131","<neural-network><deep-learning><keras><cnn>","2",""
"55139","1","Question","2019-07-05 12:55:55","1","130","<data-cleaning><smote><noise>","1",""
"55140","1","Question","2019-07-05 13:06:41","1","48","<machine-learning><statistics><optimization>","1","1"
"55144","1","Question","2019-07-05 15:19:12","0","441","<machine-learning><scikit-learn><regression>","1",""
"55146","1","Question","2019-07-05 15:53:43","2","390","<machine-learning><regression><preprocessing><imbalanced-learn>","1",""
"55147","1","Question","2019-07-05 16:50:40","1","736","<python><scikit-learn>","2","1"
"55151","1","Question","2019-07-05 18:12:45","11","2989","<deep-learning><pytorch><backpropagation>","1","5"
"55156","1","Question","2019-07-05 21:01:59","1","28","<machine-learning><neural-network><deep-learning><gan>","0",""
"55157","1","Question","2019-07-05 21:16:15","2","177","<neural-network><training><beginner><perceptron><convergence>","0",""
"55158","1","Question","2019-07-05 21:26:40","1","49","<python><tensorflow><logistic-regression><loss-function><convergence>","0",""
"55159","1","Question","2019-07-05 21:58:49","2","27","<machine-learning><machine-learning-model>","1","1"
"55161","1","Question","2019-07-05 23:12:12","1","1540","<machine-learning><classification>","2",""
"55162","1","Question","2019-07-06 01:54:40","1","52","<feature-extraction><pca><dimensionality-reduction>","1",""
"55163","1","Question","2019-07-06 02:29:42","0","72","<machine-learning><python><pandas><feature-engineering><kaggle>","1","1"
"55164","1","Question","2019-07-06 02:31:45","4","5949","<machine-learning><python><neural-network>","3","1"
"55166","1","Question","2019-07-06 03:31:01","-1","61","<r>","1",""
"55168","1","Question","2019-07-06 04:36:55","1","353","<deep-learning><keras><lstm>","1",""
"55169","1","Question","2019-07-06 04:48:39","0","93","<machine-learning><k-means>","1",""
"55177","1","Question","2019-07-06 11:37:07","1","96","<nlp><java>","1",""
"55179","1","Question","2019-07-06 14:02:10","2","223","<machine-learning><data-mining><k-means>","2",""
"55181","1","Question","2019-07-06 14:33:56","1","38","<terminology><features>","1",""
"55185","1","Question","2019-07-06 16:12:53","2","59","<algorithms><forecasting>","1",""
"55186","1","Question","2019-07-06 16:24:26","1","1075","<python><cloud-computing>","1",""
"55187","1","Question","2019-07-06 16:39:21","2","236","<reinforcement-learning>","1",""
"55189","1","Question","2019-07-06 17:54:11","1","31","<machine-learning><scikit-learn><dataset><class-imbalance>","0","0"
"55190","1","Question","2019-07-06 18:24:43","1","38","<machine-learning><python><scikit-learn>","1","1"
"55191","1","Question","2019-07-06 19:33:35","1","108","<python><classification><categorical-data>","1","1"
"55195","1","Question","2019-07-06 21:33:09","0","406","<deep-learning><classification><numpy><activation-function><cost-function>","3",""
"55198","1","Question","2019-07-06 23:36:05","0","151","<neural-network><gradient-descent><backpropagation>","1","1"
"55201","1","Question","2019-07-07 04:38:13","1","205","<deep-learning><cnn>","2","1"
"55205","1","Question","2019-07-07 09:15:04","1","183","<machine-learning><logistic-regression><accuracy><performance>","2","1"
"55209","1","Question","2019-07-07 10:27:19","0","23","<pandas><numpy>","1",""
"55211","1","Question","2019-07-07 11:43:29","1","1851","<python><matplotlib>","2",""
"55212","1","Question","2019-07-07 11:46:48","2","2472","<deep-learning><convolution><object-detection>","1",""
"55213","1","Question","2019-07-07 12:14:51","2","73","<python><pandas><numpy>","1",""
"55215","1","Question","2019-07-07 12:33:05","5","1986","<python><keras><tensorflow><loss-function>","2",""
"55220","1","Question","2019-07-07 14:34:47","0","42","<clustering><image-classification><supervised-learning><multilabel-classification><semi-supervised-learning>","1",""
"55221","1","Question","2019-07-07 14:35:21","1","331","<svm><naive-bayes-classifier>","1","2"
"55225","1","Question","2019-07-07 16:31:48","2","65","<time-series>","1",""
"55226","1","Question","2019-07-07 16:33:00","0","40","<neural-network><data-science-model>","1",""
"55229","1","Question","2019-07-07 17:32:02","1","217","<machine-learning><deep-learning><keras><cnn><lstm>","1",""
"55232","1","Question","2019-07-07 18:46:54","1","649","<python><random-forest><ai>","2",""
"55233","1","Question","2019-07-07 18:47:10","1","254","<deep-learning><dataset><sentiment-analysis><multitask-learning>","1",""
"55237","1","Question","2019-07-07 21:44:09","0","18","<time-series>","1",""
"55239","1","Question","2019-07-07 23:15:14","0","24","<neural-network><backpropagation>","1",""
"55240","1","Question","2019-07-08 00:36:31","-1","90","<data-mining><data><feature-extraction>","1",""
"55243","1","Question","2019-07-08 02:16:10","2","24","<machine-learning><neural-network><reinforcement-learning><preprocessing><game>","0","1"
"55244","1","Question","2019-07-08 03:01:25","1","83","<python><pandas><numpy><dataframe>","1",""
"55245","1","Question","2019-07-08 03:19:19","0","37","<python><neural-network><keras><convolutional-neural-network>","0",""
"55247","1","Question","2019-07-08 05:31:28","1","153","<data-mining><dataset><text-mining><data><text>","1",""
"55261","1","Question","2019-07-08 08:34:47","1","886","<xgboost>","3",""
"55264","1","Question","2019-07-08 09:02:07","0","944","<machine-learning><data-mining><predictive-modeling><recommender-system>","1",""
"55265","1","Question","2019-07-08 09:38:01","1","79","<neural-network><deep-learning><keras><tensorflow><class-imbalance>","1","1"
"55267","1","Question","2019-07-08 09:47:06","0","44","<python><logistic-regression><pytorch>","1",""
"55273","1","Question","2019-07-08 10:24:31","2","506","<keras><time-series><lstm><normalization>","1","2"
"55284","1","Question","2019-07-08 13:36:39","0","34","<predictive-modeling><supervised-learning>","2",""
"55288","1","Question","2019-07-08 14:39:38","1","66","<naive-bayes-classifier>","1",""
"55291","1","Question","2019-07-08 15:27:14","1","17","<machine-learning><classification>","1",""
"55293","1","Question","2019-07-08 16:33:03","0","374","<deep-learning><tensorflow><cnn>","1",""
"55294","1","Question","2019-07-08 16:36:30","0","1642","<machine-learning><python><neural-network><keras><scikit-learn>","1",""
"55301","1","Question","2019-07-08 18:25:51","4","354","<machine-learning><statistics><variance>","1","2"
"55303","1","Question","2019-07-08 19:48:21","1","166","<classification><time-series><random-forest><training>","2","1"
"55306","1","Question","2019-07-08 20:22:14","1","698","<deep-learning><similarity><autoencoder>","1",""
"55312","1","Question","2019-07-08 21:15:45","2","164","<keras><tensorflow>","2",""
"55317","1","Question","2019-07-08 22:59:07","2","97","<r><pca><dimensionality-reduction>","1",""
"55323","1","Question","2019-07-09 03:20:21","0","44","<machine-learning><deep-learning>","2",""
"55325","1","Question","2019-07-09 03:30:22","1","49","<python><scikit-learn><cross-validation>","2",""
"55331","1","Question","2019-07-09 06:40:26","1","1491","<machine-learning><python><scikit-learn><correlation><scipy>","1","1"
"55333","1","Question","2019-07-09 06:52:10","1","264","<machine-learning><deep-learning><pytorch><dropout>","1","1"
"55334","1","Question","2019-07-09 06:54:53","1","47","<machine-learning><data><machine-learning-model><pca>","2",""
"55341","1","Question","2019-07-09 08:33:59","1","320","<feature-engineering><databases>","2",""
"55345","1","Question","2019-07-09 09:14:21","0","45","<classification><beginner>","2",""
"55347","1","Question","2019-07-09 09:23:37","2","490","<python><pandas><forecast>","1",""
"55348","1","Question","2019-07-09 09:31:03","0","50","<neural-network><deep-learning><keras><cnn>","1",""
"55350","1","Question","2019-07-09 10:10:46","4","917","<visualization><matplotlib><seaborn>","1","1"
"55352","1","Question","2019-07-09 10:14:27","1","2360","<machine-learning><backpropagation><parameter>","1","1"
"55359","1","Question","2019-07-09 11:18:53","2","981","<performance><labels>","2","1"
"55368","1","Question","2019-07-09 13:41:56","1","103","<logistic-regression><categorical-data><similarity>","0",""
"55370","1","Question","2019-07-09 14:40:41","2","63","<machine-learning><python><reinforcement-learning><rnn>","1","1"
"55371","1","Question","2019-07-09 14:46:50","1","32","<machine-learning><sampling><methodology>","0","1"
"55372","1","Question","2019-07-09 14:48:55","1","63","<neural-network><training><backpropagation>","1",""
"55374","1","Question","2019-07-09 15:36:38","3","439","<machine-learning><dataset><training>","2",""
"55378","1","Question","2019-07-09 16:22:00","1","58","<keras><cnn><image-recognition>","2",""
"55379","1","Question","2019-07-09 16:22:41","0","2059","<regression>","3",""
"55388","1","Question","2019-07-09 19:17:21","3","712","<keras><regression><xgboost><loss-function>","2","1"
"55390","1","Question","2019-07-09 19:40:40","1","38","<machine-learning><scikit-learn><random-forest><data-science-model>","1","0"
"55396","1","Question","2019-07-10 01:38:04","0","79","<machine-learning><cnn><data-augmentation>","1",""
"55397","1","Question","2019-07-10 02:34:22","0","22","<machine-learning><regression><random-forest>","1",""
"55398","1","Question","2019-07-10 02:46:26","0","172","<scikit-learn><clustering>","0",""
"55399","1","Question","2019-07-10 03:36:20","2","85","<machine-learning><nlp><lstm><word-embeddings><named-entity-recognition>","1",""
"55400","1","Question","2019-07-10 05:24:25","1","287","<lstm>","1",""
"55402","1","Question","2019-07-10 06:24:42","2","3999","<machine-learning><deep-learning><convolution><convolutional-neural-network>","3","1"
"55404","1","Question","2019-07-10 06:59:30","3","308","<machine-learning><python><cross-validation><class-imbalance><smote>","0",""
"55405","1","Question","2019-07-10 07:13:13","0","43","<python><topic-model>","0",""
"55406","1","Question","2019-07-10 07:21:40","1","48","<cnn><audio-recognition>","1",""
"55409","1","Question","2019-07-10 08:11:43","1","157","<machine-learning><deep-learning><perceptron>","1",""
"55413","1","Question","2019-07-10 09:08:31","1","66","<pca><dimensionality-reduction><linear-algebra>","1","1"
"55415","1","Question","2019-07-10 09:45:37","2","783","<python><visualization><seaborn>","1",""
"55419","1","Question","2019-07-10 10:31:23","1","606","<k-nn>","1","0"
"55424","1","Question","2019-07-10 10:57:12","1","66","<cnn><faster-rcnn>","1","1"
"55426","1","Question","2019-07-10 11:24:58","1","63","<k-nn>","1",""
"55428","1","Question","2019-07-10 12:05:53","1","29","<machine-learning><neural-network><statistics>","0",""
"55429","1","Question","2019-07-10 12:11:51","0","198","<distance><manhattan>","4",""
"55435","1","Question","2019-07-10 13:35:42","5","1814","<python><visualization><seaborn>","2",""
"55441","1","Question","2019-07-10 14:39:39","0","138","<python><scikit-learn><clustering><similarity><distance>","0",""
"55445","1","Question","2019-07-10 15:12:31","2","48","<python><similar-documents>","1","2"
"55448","1","Question","2019-07-10 15:54:23","3","71","<machine-learning><classification><feature-engineering><correlation><model-selection>","1","1"
"55449","1","Question","2019-07-10 15:54:52","2","91","<scikit-learn><decision-trees>","1","1"
"55450","1","Question","2019-07-10 16:48:45","0","27","<machine-learning><predictive-modeling><feature-selection>","1",""
"55451","1","Question","2019-07-10 17:02:19","1","158","<python><scikit-learn><pca>","1",""
"55457","1","Question","2019-07-10 18:10:17","1","269","<machine-learning><neural-network><lstm><feature-engineering><feature-scaling>","1","1"
"55458","1","Question","2019-07-10 19:19:15","3","3616","<data-science-model><dataframe><pyspark><serialisation>","1","1"
"55463","1","Question","2019-07-10 21:11:08","2","350","<neural-network><deep-learning><pytorch><softmax>","1",""
"55464","1","Question","2019-07-10 21:37:42","1","68","<machine-learning><neural-network><deep-learning>","2",""
"55471","1","Question","2019-07-10 23:37:44","1","58","<scikit-learn><feature-selection><random-forest><xgboost>","0",""
"55475","1","Question","2019-07-08 15:42:43","2","303","<deep-learning><computer-vision><object-detection>","0",""
"55476","1","Question","2019-07-11 04:15:55","1","81","<machine-learning><data-mining><recommender-system><learning-to-rank>","0",""
"55480","1","Question","2019-07-11 05:47:38","3","492","<machine-learning><neural-network><deep-learning><cnn><yolo>","3","1"
"55483","1","Question","2019-07-11 06:34:32","0","513","<pytorch>","1",""
"55485","1","Question","2019-07-11 07:16:35","2","1873","<machine-learning><python><pandas><lstm>","2",""
"55486","1","Question","2019-07-11 07:26:46","2","578","<machine-learning><neural-network><deep-learning><keras><cnn>","1",""
"55490","1","Question","2019-07-11 08:05:28","1","629","<machine-learning-model><transfer-learning><audio-recognition><vgg16>","1",""
"55494","1","Question","2019-07-11 10:11:21","0","75","<neural-network><tensorflow><regression>","1",""
"55503","1","Question","2019-07-11 13:36:20","2","674","<python><data-mining><visualization>","3",""
"55507","1","Question","2019-07-11 14:23:44","1","35","<feature-engineering>","1",""
"55508","1","Question","2019-07-11 14:35:21","0","244","<classification><random-forest><accuracy><class-imbalance><sampling>","1",""
"55514","1","Question","2019-07-11 15:37:14","1","347","<machine-learning>","1",""
"55521","1","Question","2019-07-11 17:32:34","4","1812","<deep-learning><nlp>","1","1"
"55523","1","Question","2019-07-11 18:04:19","1","243","<machine-learning><discriminant-analysis>","1","1"
"55525","1","Question","2019-07-11 18:22:35","0","32","<lightgbm>","1",""
"55526","1","Question","2019-07-11 18:23:23","1","31","<machine-learning><scikit-learn><clustering><feature-selection><machine-learning-model>","1","1"
"55527","1","Question","2019-07-11 20:28:22","1","1111","<neural-network><keras><batch-normalization><keras-rl>","2",""
"55529","1","Question","2019-07-11 20:29:40","5","105","<machine-learning><deep-learning><image-recognition><convolutional-neural-network>","1","1"
"55536","1","Question","2019-07-12 03:20:03","1","768","<python><deep-learning><keras><tensorflow><object-detection>","1",""
"55537","1","Question","2019-07-12 03:23:53","2","76","<regression>","3","1"
"55538","1","Question","2019-07-12 05:20:30","1","4051","<python><time-series><pandas>","1",""
"55543","1","Question","2019-07-12 06:19:51","0","394","<machine-learning>","3",""
"55544","1","Question","2019-07-12 06:45:44","0","26","<python><aggregation>","1","1"
"55545","1","Question","2019-07-12 06:52:03","10","7337","<neural-network><keras><tensorflow><cnn><convolution>","2","5"
"55554","1","Question","2019-07-12 08:36:22","3","90","<data-science-model><class-imbalance><smote><weka>","2",""
"55555","1","Question","2019-07-12 08:45:36","4","49","<machine-learning><classification><feature-selection>","1","1"
"55556","1","Question","2019-07-12 08:48:02","1","1454","<machine-learning><scikit-learn><logistic-regression>","1","0"
"55558","1","Question","2019-07-12 09:05:31","0","79","<python><pandas>","3",""
"55563","1","Question","2019-07-12 10:05:43","0","757","<deep-learning><keras><image-classification><object-detection>","1","1"
"55566","1","Question","2019-07-12 10:23:18","5","2231","<time-series><labels><audio-recognition>","2",""
"55580","1","Question","2019-07-12 16:49:49","-1","305","<machine-learning><beginner>","1",""
"55581","1","Question","2019-07-12 17:16:32","1","47","<r><clustering>","0",""
"55587","1","Question","2019-07-12 20:43:11","1","46","<regression><xgboost><cost-function>","2",""
"55592","1","Question","2019-07-12 21:47:57","4","630","<machine-learning><svm><optimization><linear-algebra>","1","2"
"62338","1","Question","2019-10-28 22:53:28","1","58","<python><correlation><graphs><matrix>","1",""
"62339","1","Question","2019-10-28 23:06:32","0","171","<machine-learning><predictive-modeling><cross-validation>","2",""
"62341","1","Question","2019-10-29 03:28:00","1","40","<python><predictive-modeling><unsupervised-learning><supervised-learning>","1",""
"62346","1","Question","2019-10-29 05:38:46","0","76","<machine-learning><classification><scikit-learn><feature-selection><accuracy>","1",""
"62347","1","Question","2019-10-29 06:47:37","0","66","<machine-learning><classification><logistic-regression><data-science-model>","1",""
"62348","1","Question","2019-10-29 07:55:11","1","13917","<machine-learning><python><dataset><csv><json>","1","3"
"62353","1","Question","2019-10-29 10:22:46","1","120","<machine-learning><nlp><lstm><machine-learning-model>","1",""
"62355","1","Question","2019-10-29 11:08:06","0","394","<cnn>","2",""
"62361","1","Question","2019-10-29 12:51:28","1","48","<machine-learning>","1",""
"62365","1","Question","2019-10-29 15:01:18","1","87","<machine-learning><classification>","1","1"
"62369","1","Question","2019-10-29 16:11:28","5","2162","<classification><time-series><regression><random-forest><forecasting>","4","1"
"62371","1","Question","2019-10-29 17:26:18","1","76","<convolution><graphs><attention-mechanism>","0",""
"62373","1","Question","2019-10-29 17:40:53","1","20","<deep-learning><lstm><word2vec><word-embeddings><embeddings>","0",""
"62374","1","Question","2019-10-29 17:45:58","0","53","<keras><tensorflow><autoencoder>","1",""
"62376","1","Question","2019-10-29 18:33:53","1","33","<machine-learning><python><data-analysis>","1",""
"62384","1","Question","2019-10-29 23:35:59","0","27","<python><dummy-variables>","1",""
"62386","1","Question","2019-10-30 00:50:50","0","71","<python><dataset><implementation><privacy><anonymization>","1",""
"62388","1","Question","2019-10-30 02:43:20","2","402","<correlation>","2",""
"62391","1","Question","2019-10-30 03:45:27","1","494","<pca>","2","2"
"62392","1","Question","2019-10-30 03:59:39","1","17","<deep-learning><generative-models><image-preprocessing><image>","0",""
"62394","1","Question","2019-10-30 05:20:16","1","133","<hyperparameter>","2",""
"62400","1","Question","2019-10-30 09:38:53","1","329","<python><logistic-regression>","0",""
"62401","1","Question","2019-10-30 09:56:03","0","34","<regression><clustering><data-analysis>","3",""
"62402","1","Question","2019-10-30 09:58:45","2","49","<time-series><correlation>","2","1"
"62403","1","Question","2019-10-30 10:05:45","1","824","<keras><cnn>","1",""
"62409","1","Question","2019-10-30 10:52:42","9","2437","<deep-learning><feature-extraction>","4","3"
"62411","1","Question","2019-10-30 11:26:54","2","46","<r><data><visualization>","1",""
"62414","1","Question","2019-10-30 11:41:00","3","2321","<reinforcement-learning><dqn><actor-critic><monte-carlo><keras-rl>","1","1"
"62415","1","Question","2019-10-30 11:47:28","1","425","<machine-learning><python><keras><image-classification><vgg16>","1","1"
"62426","1","Question","2019-10-30 15:17:06","1","32","<neural-network><classification><graphs><siamese-networks>","0",""
"62427","1","Question","2019-10-30 15:55:44","4","1088","<pandas><correlation>","1",""
"62430","1","Question","2019-10-30 16:50:44","3","2662","<python><pandas><data>","1",""
"62432","1","Question","2019-10-30 17:49:19","1","38","<feature-engineering><feature-extraction><supervised-learning><graphs><feature-construction>","0","1"
"62433","1","Question","2019-10-30 19:04:23","0","128","<pytorch><gan><generative-models><convolutional-neural-network><gaussian>","1",""
"62436","1","Question","2019-10-30 20:18:41","2","68","<neural-network><generative-models>","1",""
"62445","1","Question","2019-10-31 06:07:40","0","557","<scikit-learn><regression><linear-regression>","1",""
"62448","1","Question","2019-10-31 07:43:53","1","1644","<machine-learning><python><deep-learning><dataset><privacy>","3",""
"62449","1","Question","2019-10-31 07:51:17","2","263","<neural-network><lstm><rnn>","1","1"
"62451","1","Question","2019-10-31 08:03:52","2","71","<machine-learning><missing-data><data-imputation>","1",""
"62452","1","Question","2019-10-31 08:07:49","0","2979","<pandas><dataframe>","2","1"
"62454","1","Question","2019-10-31 08:23:31","0","28","<deep-learning><keras><tensorflow><cnn><computer-vision>","0",""
"62465","1","Question","2019-10-31 11:33:15","0","30","<unsupervised-learning><score>","1","2"
"62468","1","Question","2019-10-31 12:14:14","1","28","<regression><class-imbalance>","1",""
"62470","1","Question","2019-10-31 12:56:03","0","30","<keras>","1",""
"48987","1","Question","2019-04-09 18:41:03","3","77","<machine-learning><feature-engineering><encoding>","1",""
"48988","1","Question","2019-04-09 18:56:14","1","27","<statistics><preprocessing><scipy>","0","0"
"48990","1","Question","2019-04-09 19:52:28","0","372","<python><visualization><matplotlib>","1",""
"48993","1","Question","2019-04-09 20:04:23","0","271","<classification><svm><optimization><matlab><hyperparameter>","1",""
"48998","1","Question","2019-04-09 20:51:44","2","1526","<python><scikit-learn><xgboost><hyperparameter-tuning><gridsearchcv>","1",""
"49001","1","Question","2019-04-09 22:09:56","4","100","<machine-learning><python><r><prediction>","2","0"
"49004","1","Question","2019-04-10 00:44:52","2","417","<machine-learning><pac-learning><vc-theory>","1",""
"49006","1","Question","2019-04-10 02:39:27","0","49","<machine-learning><xgboost><training>","2",""
"49010","1","Question","2019-04-10 04:34:35","-1","26","<python><pandas>","1",""
"49012","1","Question","2019-04-10 05:55:55","3","863","<machine-learning><python><deep-learning><keras><scikit-learn>","1","1"
"49023","1","Question","2019-04-10 07:27:26","0","690","<machine-learning><python><deep-learning><scikit-learn><matlab>","1",""
"49030","1","Question","2019-04-10 09:04:50","0","69","<classification><time-series>","1",""
"49032","1","Question","2019-04-10 10:16:35","0","160","<cnn><word2vec><accuracy><sentiment-analysis><gpu>","1",""
"49033","1","Question","2019-04-10 10:33:43","1","79","<nlp>","1","1"
"49034","1","Question","2019-04-10 10:43:23","0","114","<python>","0",""
"49037","1","Question","2019-04-10 12:04:03","1","79","<classification><accuracy><evaluation>","2","1"
"49047","1","Question","2019-04-10 12:49:24","0","1071","<classification><nlp><tfidf>","1",""
"49048","1","Question","2019-04-10 13:31:38","1","584","<nlp><random-forest><svm><logistic-regression><naive-bayes-classifier>","3","1"
"49054","1","Question","2019-04-10 13:58:00","0","34","<feature-selection><svm><overfitting><model-selection>","1","0"
"49056","1","Question","2019-04-10 14:00:38","0","91","<scikit-learn><predictive-modeling><pandas><multiclass-classification>","0","0"
"49060","1","Question","2019-04-10 14:45:03","3","234","<machine-learning><statistics><visualization><data-cleaning><data-analysis>","2",""
"49069","1","Question","2019-04-10 18:17:30","2","312","<convolutional-neural-network><beginner><data-augmentation>","1",""
"49071","1","Question","2019-04-10 19:08:00","3","32","<keras><scikit-learn><optimization><theory>","1",""
"49072","1","Question","2019-04-10 19:30:43","3","65","<time-series><data-analysis>","1",""
"49074","1","Question","2019-04-10 20:00:55","0","289","<python><scikit-learn>","2",""
"49076","1","Question","2019-04-10 20:17:19","0","505","<machine-learning><linear-regression><logistic-regression><distribution>","1",""
"49078","1","Question","2019-04-10 20:40:52","2","216","<deep-learning><nlp><rnn><reinforcement-learning><policy-gradients>","1",""
"49082","1","Question","2019-04-10 21:56:58","2","45","<machine-learning><neural-network><deep-learning>","1",""
"49084","1","Question","2019-04-10 23:31:57","0","6587","<python><pandas><data-science-model>","1",""
"49086","1","Question","2019-04-11 00:49:49","0","186","<machine-learning><transfer-learning><domain-adaptation>","1",""
"49088","1","Question","2019-04-11 01:26:24","4","185","<machine-learning><feature-engineering><data-science-model>","1",""
"49089","1","Question","2019-04-11 02:19:17","1","75","<matplotlib><historgram>","1",""
"49094","1","Question","2019-04-11 05:23:28","2","12659","<csv>","1","2"
"49095","1","Question","2019-04-11 05:53:52","1","1527","<machine-learning><python>","2","1"
"49096","1","Question","2019-04-11 06:32:20","0","340","<dataset><data><terminology><definitions>","2",""
"49103","1","Question","2019-04-11 07:57:59","1","2262","<keras><lstm><regularization><activation-function>","0",""
"49104","1","Question","2019-04-11 07:59:28","0","92","<r><databases><excel>","4","1"
"49105","1","Question","2019-04-11 08:32:30","1","1595","<machine-learning><data-mining><bigdata><decision-trees><chatbot>","2","1"
"49106","1","Question","2019-04-11 08:40:15","0","267","<python><neural-network><keras><word-embeddings>","1",""
"49108","1","Question","2019-04-11 09:26:29","0","240","<python><pandas><regex>","2",""
"49109","1","Question","2019-04-11 09:30:05","2","3432","<keras><lstm><loss-function><accuracy>","2",""
"49117","1","Question","2019-04-11 11:48:08","11","3732","<accuracy><confusion-matrix>","3","3"
"62474","1","Question","2019-10-31 13:43:57","0","27","<python><pandas><sas>","1",""
"62480","1","Question","2019-10-31 15:11:01","1","210","<classification><random-forest>","1",""
"62482","1","Question","2019-10-31 15:24:45","2","87","<neural-network><deep-learning><keras><multiclass-classification><mlp>","2",""
"62485","1","Question","2019-10-31 15:34:17","1","101","<nlp>","1",""
"62486","1","Question","2019-10-31 16:04:53","0","42","<neural-network><deep-learning><scikit-learn><mlp>","0",""
"62493","1","Question","2019-10-31 19:08:23","2","84","<python><classification><categorical-data><dimensionality-reduction>","2",""
"62500","1","Question","2019-10-31 22:03:50","0","33","<clustering><k-means>","1",""
"62501","1","Question","2019-10-31 22:10:30","2","1122","<pandas><dataframe>","1",""
"62504","1","Question","2019-11-01 00:06:20","1","44","<machine-learning><neural-network>","0",""
"62511","1","Question","2019-11-01 05:37:23","2","113","<machine-learning><deep-learning><time-series><preprocessing>","0",""
"62516","1","Question","2019-11-01 12:35:58","1","173","<cnn>","2",""
"62518","1","Question","2019-11-01 12:56:27","0","88","<machine-learning>","2",""
"62525","1","Question","2019-11-01 14:09:19","0","1807","<pandas>","1",""
"62529","1","Question","2019-11-01 15:16:36","0","225","<machine-learning><python><pca><dimensionality-reduction>","2",""
"62534","1","Question","2019-11-01 17:10:53","0","449","<machine-learning><regression><predictive-modeling>","1",""
"62538","1","Question","2019-11-01 18:20:23","1","28","<machine-learning><nlp><data-augmentation>","1",""
"62541","1","Question","2019-11-01 19:06:32","0","32","<machine-learning-model>","2",""
"62542","1","Question","2019-11-01 19:11:02","1","113","<python><deep-learning><tensorflow><preprocessing><numpy>","0","1"
"62547","1","Question","2019-11-01 19:44:09","1","30","<machine-learning><classification><regression>","1",""
"62548","1","Question","2019-11-01 20:00:47","0","370","<r><missing-data>","1",""
"62549","1","Question","2019-11-01 20:20:21","1","1157","<python><scikit-learn><scipy>","1",""
"62550","1","Question","2019-11-01 20:30:20","0","112","<machine-learning><classification><scikit-learn><feature-selection>","1",""
"62551","1","Question","2019-11-01 20:45:20","3","265","<machine-learning>","3",""
"62553","1","Question","2019-11-01 22:37:33","2","284","<data><data-cleaning><preprocessing><feature-scaling>","1",""
"62556","1","Question","2019-11-02 00:30:31","3","94","<machine-learning><python><random-forest><decision-trees>","2","1"
"62563","1","Question","2019-11-02 07:50:14","2","28","<machine-learning><bayesian><non-parametric><bayesian-nonparametric>","1",""
"62569","1","Question","2019-11-02 12:48:27","1","34","<neural-network><accuracy><error-handling>","1",""
"62582","1","Question","2019-11-02 19:19:41","0","154","<neural-network><deep-learning><dataset><image-preprocessing><features>","2",""
"62583","1","Question","2019-11-02 20:09:44","4","366","<scikit-learn><training>","2",""
"62584","1","Question","2019-11-02 20:24:05","1","40","<keras><tensorflow><cnn><gpu><colab>","1",""
"62585","1","Question","2019-11-02 21:00:22","1","62","<data-mining><pandas><data-cleaning><k-nn><error-handling>","1","0"
"62589","1","Question","2019-11-03 01:48:00","0","14","<neural-network><deep-learning><gradient-descent>","0",""
"62590","1","Question","2019-11-03 01:50:20","1","2052","<scikit-learn><pickle>","1",""
"62592","1","Question","2019-11-03 03:05:26","3","90","<predictive-modeling><churn><aggregation><survival-analysis>","1",""
"62594","1","Question","2019-11-03 03:29:23","1","38","<pandas><dataframe><geospatial>","1",""
"62598","1","Question","2019-11-03 06:49:58","0","23","<nlp><lstm><rnn><word-embeddings>","0",""
"62600","1","Question","2019-11-03 07:30:11","1","25","<machine-learning><python><predictive-modeling><machine-learning-model>","0",""
"62612","1","Question","2019-11-03 18:25:00","1","38","<tensorflow>","1",""
"62616","1","Question","2019-11-03 19:57:27","1","41","<python><neural-network><keras><recommender-system><embeddings>","0",""
"62617","1","Question","2019-11-03 20:59:44","1","153","<forecasting><time>","0",""
"62623","1","Question","2019-11-04 03:08:08","0","494","<machine-learning><classification><multilabel-classification>","3",""
"62624","1","Question","2019-11-04 03:15:54","1","106","<dataset><visualization><graphs>","1",""
"62628","1","Question","2019-11-04 05:10:24","0","56","<python><logistic-regression><gradient-descent>","1",""
"62630","1","Question","2019-11-04 05:27:49","0","23","<data-analysis>","1",""
"49119","1","Question","2019-04-11 12:03:08","0","75","<machine-learning><regression>","1",""
"49123","1","Question","2019-04-11 13:01:27","0","396","<python><pandas><dataframe>","1",""
"49125","1","Question","2019-04-11 13:26:04","1","884","<python><pandas>","1",""
"49126","1","Question","2019-04-11 13:52:24","0","21","<python><neural-network><classification><keras><tensorflow>","1",""
"49128","1","Question","2019-04-11 14:13:00","0","1082","<python><reinforcement-learning><q-learning><dqn><keras-rl>","1",""
"49144","1","Question","2019-04-11 18:02:38","3","60","<supervised-learning><game>","1",""
"49145","1","Question","2019-04-11 18:14:39","1","18","<machine-learning><dataset><logistic-regression>","1",""
"49147","1","Question","2019-04-11 18:49:25","1","567","<scikit-learn><random-forest>","1","1"
"49148","1","Question","2019-04-11 19:41:39","1","185","<r><data-mining><pandas><matlab><databases>","3",""
"49150","1","Question","2019-04-11 19:51:56","0","599","<python>","1",""
"49151","1","Question","2019-04-11 19:54:40","1","47","<loss-function><object-detection><metric>","0",""
"49152","1","Question","2019-04-11 20:33:25","4","340","<machine-learning><classification><perceptron>","1",""
"49153","1","Question","2019-04-11 20:38:15","0","40","<machine-learning>","1",""
"49160","1","Question","2019-04-11 22:24:53","0","838","<python><time-series><pandas>","2",""
"49166","1","Question","2019-04-12 01:19:07","1","34","<classification><scikit-learn><time-series><supervised-learning>","2",""
"49168","1","Question","2019-04-12 02:06:26","4","1374","<neural-network><rnn>","1",""
"49170","1","Question","2019-04-12 03:31:29","1","11","<neural-network><data-mining><dataset><databases><books>","1",""
"49173","1","Question","2019-04-12 05:29:27","1","90","<machine-learning><keras><optimization><gan><learning-rate>","0",""
"49176","1","Question","2019-04-12 06:22:54","0","252","<machine-learning><python><similarity><distance>","1",""
"49178","1","Question","2019-04-12 06:57:30","1","279","<neural-network><deep-learning><keras><tensorflow><image-classification>","1",""
"49179","1","Question","2019-04-12 08:45:17","1","666","<machine-learning><nlp><machine-translation>","1","1"
"49181","1","Question","2019-04-12 08:46:01","2","92","<statistics><cross-validation><multiclass-classification><evaluation>","1","1"
"49182","1","Question","2019-04-12 09:29:01","1","1162","<python><cross-validation><pyspark>","1",""
"49184","1","Question","2019-04-12 10:02:30","1","53","<word-embeddings><word2vec><nlp><model-selection><nltk>","0",""
"49185","1","Question","2019-04-12 10:17:40","5","3056","<machine-learning><feature-selection><feature-engineering>","5","1"
"49189","1","Question","2019-04-12 11:27:09","1","46","<machine-learning><python><scikit-learn><random-forest><decision-trees>","0",""
"49197","1","Question","2019-04-12 14:06:29","1","72","<machine-learning><python><scikit-learn><decision-trees><logistic-regression>","1",""
"49198","1","Question","2019-04-12 14:51:14","1","1547","<python><scikit-learn><distance><scipy>","1","1"
"49203","1","Question","2019-04-12 16:48:05","3","1045","<machine-learning><decision-trees>","2","1"
"49217","1","Question","2019-04-12 21:30:00","0","397","<neural-network><deep-learning><keras><tensorflow><image-classification>","1",""
"49218","1","Question","2019-04-12 22:18:33","4","213","<python><neural-network>","2",""
"49221","1","Question","2019-04-13 00:24:16","4","106","<python><classification><scikit-learn><k-nn>","1",""
"49222","1","Question","2019-04-13 01:05:42","0","57","<neural-network><image-classification>","1",""
"49223","1","Question","2019-04-13 01:44:19","1","173","<linear-regression><prediction><dummy-variables>","1",""
"49226","1","Question","2019-04-13 03:32:21","8","194","<correlation>","1","3"
"49230","1","Question","2019-04-13 07:41:57","1","317","<python><data><data-cleaning>","0",""
"49232","1","Question","2019-04-13 09:55:33","1","322","<machine-learning><deep-learning><gan><generative-models>","1","1"
"49233","1","Question","2019-04-13 10:15:53","1","1901","<keras><lstm><loss-function><accuracy>","2",""
"49236","1","Question","2019-04-13 12:22:21","1","532","<neural-network><time-series><lstm><rnn>","1",""
"49243","1","Question","2019-04-13 19:37:49","0","70","<time-series><forecasting>","1",""
"49247","1","Question","2019-04-14 02:01:50","1","2087","<scipy><interpolation>","1",""
"49248","1","Question","2019-04-14 02:01:51","0","120","<python><statistics>","1",""
"49251","1","Question","2019-04-14 05:06:03","0","35","<scikit-learn><svm>","0",""
"49252","1","Question","2019-04-14 05:30:46","0","48","<machine-learning>","1",""
"49255","1","Question","2019-04-14 06:44:18","2","3428","<optimization><scipy>","0",""
"49256","1","Question","2019-04-14 07:01:59","2","990","<neural-network><tensorflow><dataset><convolution>","1","1"
"62634","1","Question","2019-11-04 06:37:49","0","740","<xgboost><multilabel-classification>","0",""
"62640","1","Question","2019-11-04 10:47:03","1","43","<machine-learning><feature-selection><model-selection>","1",""
"62645","1","Question","2019-11-04 12:03:16","0","143","<cross-validation><overfitting><sampling>","1","1"
"62649","1","Question","2019-11-04 12:55:42","3","527","<svm><least-squares-svm>","2",""
"62651","1","Question","2019-11-04 13:17:35","0","45","<machine-learning><python><neural-network><keras><mathematics>","1",""
"62653","1","Question","2019-11-04 13:58:34","0","560","<python><keras><tensorflow><machine-learning-model><colab>","0",""
"62655","1","Question","2019-11-04 14:12:09","0","60","<machine-learning>","1",""
"62657","1","Question","2019-11-04 15:00:09","1","18","<python><classification><nlp><word2vec>","1",""
"62658","1","Question","2019-11-04 15:22:32","22","25256","<tensorflow><nlp><pytorch><bert>","5","9"
"62662","1","Question","2019-11-04 16:24:07","1","110","<markov>","1","2"
"62663","1","Question","2019-11-04 16:41:16","0","34","<machine-learning><python><neural-network><time-series><forecasting>","0",""
"62664","1","Question","2019-11-04 16:48:02","1","515","<machine-learning><lightgbm>","0",""
"62676","1","Question","2019-11-04 21:00:01","0","83","<keras><tensorflow><transfer-learning>","0",""
"62677","1","Question","2019-11-04 21:01:52","1","43","<neural-network><keras><loss-function>","0","1"
"62681","1","Question","2019-11-05 00:19:59","1","35","<machine-learning><xgboost><feature-engineering>","0",""
"62687","1","Question","2019-11-05 01:56:08","0","86","<python><clustering><k-means><unsupervised-learning><pyspark>","2","1"
"62689","1","Question","2019-11-05 02:26:49","2","1026","<machine-learning><python><deep-learning><opencv>","1",""
"62690","1","Question","2019-11-05 02:44:41","0","35","<sequence-to-sequence><attention-mechanism>","1",""
"62691","1","Question","2019-11-05 04:45:01","1","34","<visualization>","1",""
"49265","1","Question","2019-04-14 12:22:30","1","66","<python><dataset><matplotlib>","1",""
"49266","1","Question","2019-04-14 12:23:11","0","54","<deep-learning><cross-validation><grid-search>","1",""
"49268","1","Question","2019-04-14 13:41:50","1","103","<machine-learning><classification><data-mining><decision-trees><data-science-model>","1",""
"49276","1","Question","2019-04-14 17:20:32","4","8347","<machine-learning><deep-learning><text-mining><similarity><similar-documents>","3",""
"49284","1","Question","2019-04-14 18:52:17","1","50","<python><matplotlib><seaborn>","0",""
"49286","1","Question","2019-04-14 19:24:26","1","28","<visualization><matplotlib>","0",""
"49291","1","Question","2019-04-14 21:13:00","0","307","<python><feature-engineering><anomaly-detection>","0",""
"49293","1","Question","2019-04-14 22:15:17","1","479","<deep-learning><lstm><convolutional-neural-network><ocr>","0",""
"49294","1","Question","2019-04-14 23:20:48","2","363","<reinforcement-learning>","1","1"
"49297","1","Question","2019-04-15 02:36:29","1","846","<machine-learning><xgboost><kaggle><grid-search><gridsearchcv>","1",""
"49298","1","Question","2019-04-15 02:40:46","4","396","<machine-learning><classification><dataset><matlab>","1",""
"49299","1","Question","2019-04-15 03:26:19","5","5262","<deep-learning><computer-vision><convolution><convolutional-neural-network>","1","2"
"49302","1","Question","2019-04-15 04:00:33","0","1801","<python><statistics>","1",""
"49304","1","Question","2019-04-15 05:35:40","0","117","<logistic-regression>","1",""
"49306","1","Question","2019-04-15 06:02:12","0","169","<nlp><chatbot>","1","1"
"49308","1","Question","2019-04-15 06:43:06","0","33","<machine-learning><optimization><loss-function>","0",""
"49310","1","Question","2019-04-15 07:01:44","1","74","<python><classification><predictive-modeling><decision-trees><xgboost>","0",""
"49313","1","Question","2019-04-15 07:26:43","2","834","<deep-learning><nlp><transfer-learning>","2",""
"49316","1","Question","2019-04-15 08:34:16","3","1897","<python><dimensionality-reduction><geospatial>","2",""
"49319","1","Question","2019-04-15 11:56:24","0","207","<cnn><binary>","2",""
"62694","1","Question","2019-11-05 06:11:46","3","927","<python><ipython><scala><windows>","3",""
"62698","1","Question","2019-11-05 08:38:48","1","2452","<keras><multilabel-classification><multitask-learning><multi-output>","2",""
"62699","1","Question","2019-11-05 10:13:51","2","80","<python><neural-network><keras><prediction><autoencoder>","0",""
"62701","1","Question","2019-11-05 11:28:45","1","145","<regression><normalization><lasso>","1","1"
"62706","1","Question","2019-11-05 12:08:06","0","31","<nlp><multilabel-classification><dimensionality-reduction>","1",""
"62710","1","Question","2019-11-05 13:12:05","0","94","<k-means>","1",""
"62719","1","Question","2019-11-05 15:32:38","2","38","<python><dataset><pandas>","1","1"
"62725","1","Question","2019-11-05 17:16:56","1","80","<classification>","2",""
"62728","1","Question","2019-11-05 17:43:53","1","41","<machine-learning><python><keras><image-classification><convolutional-neural-network>","0","1"
"62730","1","Question","2019-11-05 18:56:41","0","154","<nlp><bert>","0",""
"62733","1","Question","2019-11-05 20:18:23","0","315","<dataset><anomaly-detection>","1",""
"62734","1","Question","2019-11-05 21:00:42","0","113","<machine-learning><classification>","1",""
"62737","1","Question","2019-11-05 21:37:13","1","44","<machine-learning>","1","1"
"62742","1","Question","2019-11-06 00:05:48","3","709","<machine-learning><python><scikit-learn><regression><feature-selection>","1",""
"62745","1","Question","2019-11-06 02:04:45","2","223","<gradient-descent>","1",""
"62747","1","Question","2019-11-06 02:52:34","1","106","<machine-learning><neural-network><cnn><rnn>","1",""
"62749","1","Question","2019-11-06 05:12:15","1","180","<random-forest><decision-trees><overfitting>","1",""
"62759","1","Question","2019-11-06 10:06:51","1","1776","<cnn><class-imbalance><smote>","2",""
"62762","1","Question","2019-11-06 11:03:14","0","246","<deep-learning><reinforcement-learning><dqn><actor-critic><monte-carlo>","1",""
"62765","1","Question","2019-11-06 11:32:21","-1","1263","<machine-learning><python><lightgbm>","2","1"
"49327","1","Question","2019-04-15 14:04:40","6","885","<pyspark><pipelines>","2",""
"49328","1","Question","2019-04-15 14:06:55","0","139","<machine-learning><python><neural-network><deep-learning><tensorflow>","0",""
"49330","1","Question","2019-04-15 14:35:36","0","49","<statistics>","1",""
"49333","1","Question","2019-04-15 15:31:11","3","463","<keras>","1",""
"49334","1","Question","2019-04-15 15:48:03","2","137","<machine-learning><neural-network><deep-learning>","2",""
"49340","1","Question","2019-04-15 17:22:52","1","708","<classification><scikit-learn><xgboost>","1",""
"49344","1","Question","2019-04-15 17:56:37","3","1378","<python><xgboost><cross-validation>","1",""
"49345","1","Question","2019-04-15 18:05:40","2","47","<python><computer-vision><opencv>","1",""
"49355","1","Question","2019-04-15 22:24:14","2","107","<machine-learning><neural-network><deep-learning><time-series><linear-regression>","1",""
"49359","1","Question","2019-04-15 23:24:51","0","41","<keras><tensorflow>","1",""
"49360","1","Question","2019-04-16 00:32:17","6","1533","<deep-learning><reinforcement-learning>","1","2"
"49362","1","Question","2019-04-16 01:30:45","1","242","<random-forest><decision-trees><anomaly-detection>","1",""
"49363","1","Question","2019-04-16 02:47:22","3","324","<machine-learning><python><pandas><accuracy>","2",""
"49366","1","Question","2019-04-16 04:12:17","6","684","<classification><keras><tensorflow><image-classification>","4","2"
"49372","1","Question","2019-04-16 05:25:01","0","56","<linear-regression><prediction><matlab>","2",""
"49374","1","Question","2019-04-16 06:08:11","1","40","<r><dataset>","2",""
"62771","1","Question","2019-11-06 14:11:43","-1","31","<machine-learning><neural-network><gaussian-process>","1",""
"62774","1","Question","2019-11-06 15:45:05","0","29","<machine-learning><cnn><training><cross-validation><error-handling>","0",""
"62776","1","Question","2019-11-06 16:07:20","2","3078","<python><matplotlib>","1",""
"62780","1","Question","2019-11-06 17:02:32","1","348","<machine-learning><nlp><word2vec><word-embeddings>","1",""
"62788","1","Question","2019-11-06 19:23:05","0","114","<nlp><lstm><bert>","1",""
"62794","1","Question","2019-11-06 21:11:46","1","60","<python><predictive-modeling><feature-engineering><data-science-model><encoding>","2",""
"62799","1","Question","2019-11-06 22:07:18","2","1208","<machine-learning><python><scikit-learn><dataset><statistics>","2",""
"62805","1","Question","2019-11-07 02:54:30","0","60","<twitter><web-scraping>","1",""
"62810","1","Question","2019-11-07 06:34:52","2","2487","<machine-learning><python><deep-learning><tensorflow><computer-vision>","1","2"
"62811","1","Question","2019-11-07 08:51:05","0","132","<python><classification><evaluation><metric>","1",""
"62819","1","Question","2019-11-07 10:31:48","1","27336","<python><pandas><lstm><time>","1",""
"62820","1","Question","2019-11-07 10:55:00","0","289","<machine-learning><python><training><encoding>","1",""
"62831","1","Question","2019-11-07 12:54:55","0","499","<pytorch><bert><question-answering><huggingface>","1",""
"62833","1","Question","2019-11-07 13:09:09","2","124","<machine-learning><neural-network><classification><svm>","1",""
"62836","1","Question","2019-11-07 13:45:48","0","782","<machine-learning><categorical-data><encoding><data-leakage>","1",""
"62838","1","Question","2019-11-07 14:28:26","2","633","<classification><time-series><class-imbalance><data-augmentation>","0","1"
"62840","1","Question","2019-11-07 16:04:42","5","629","<tensorflow><gpu><hardware>","1",""
"62842","1","Question","2019-11-07 16:51:49","0","31","<machine-learning><pandas>","1",""
"62844","1","Question","2019-11-07 18:01:51","0","45","<data>","0",""
"62849","1","Question","2019-11-07 21:42:59","0","100","<clustering><similarity>","2",""
"62851","1","Question","2019-11-07 22:57:37","2","65","<random-forest><prediction>","2",""
"62853","1","Question","2019-11-08 00:19:49","0","998","<k-nn><error-handling>","0",""
"62861","1","Question","2019-11-08 05:38:20","2","102","<machine-learning><xgboost><accuracy>","2",""
"62862","1","Question","2019-11-08 06:28:48","8","3613","<python><nlp><preprocessing><bert><transformer>","1",""
"62864","1","Question","2019-11-08 06:47:08","0","38","<machine-learning><python><keras><computer-vision><data-science-model>","2",""
"62867","1","Question","2019-11-08 08:27:36","-1","73","<time-series><clustering>","5",""
"62868","1","Question","2019-11-08 08:33:57","1","2092","<nlp>","1","2"
"62879","1","Question","2019-11-08 13:04:56","1","44","<nlp><data-mining><dataset><data-cleaning>","3",""
"62881","1","Question","2019-11-08 14:04:08","3","163","<machine-learning><neural-network><activation-function>","2",""
"62883","1","Question","2019-11-08 14:58:51","3","84","<classification><time-series><bayesian><sequential-pattern-mining>","1","1"
"62885","1","Question","2019-11-08 15:53:57","0","33","<regression>","2",""
"49377","1","Question","2019-04-16 07:43:27","5","251","<classification><svm><unsupervised-learning>","3","3"
"49381","1","Question","2019-04-16 08:33:58","6","833","<machine-learning><clustering><feature-scaling><dummy-variables>","3","1"
"49388","1","Question","2019-04-16 09:53:48","0","1617","<machine-learning>","1",""
"49395","1","Question","2019-04-16 13:00:49","4","80","<r><sql>","4","2"
"49398","1","Question","2019-04-16 13:20:45","1","158","<python><keras><time-series><lstm><data-science-model>","1","1"
"49399","1","Question","2019-04-16 13:23:58","2","42","<python><neural-network><classification><keras>","2",""
"49402","1","Question","2019-04-16 13:42:57","1","33","<r><statistics><excel>","1",""
"49403","1","Question","2019-04-16 13:56:07","1","299","<machine-learning><logistic-regression><gradient-descent><supervised-learning><boosting>","2",""
"49405","1","Question","2019-04-16 14:01:10","2","6194","<keras><yolo>","1",""
"49417","1","Question","2019-04-16 16:57:23","0","218","<python><cross-validation>","1","0"
"49420","1","Question","2019-04-16 17:57:21","1","1608","<kernel><matrix><rbf>","1",""
"49424","1","Question","2019-04-16 19:06:40","1","35","<evolutionary-algorithms>","1","1"
"49428","1","Question","2019-04-16 21:01:42","0","190","<python><regression><linear-regression>","1","2"
"49431","1","Question","2019-04-16 21:21:29","3","5359","<python><word2vec><gensim>","4","2"
"49432","1","Question","2019-04-16 21:39:37","0","22","<cnn><data>","1",""
"49436","1","Question","2019-04-16 23:01:11","0","88","<linear-regression><correlation>","1",""
"49440","1","Question","2019-04-17 01:22:39","1","24","<web-scraping>","0",""
"49442","1","Question","2019-04-17 02:14:33","0","47","<feature-selection><xgboost>","1",""
"49446","1","Question","2019-04-17 03:04:54","0","42","<python><keras><tensorflow><gan>","0",""
"49448","1","Question","2019-04-17 03:37:32","1","220","<machine-learning><deep-learning><keras><dataset><data-cleaning>","1",""
"49450","1","Question","2019-04-17 04:01:28","0","28","<machine-learning><classification><cnn><image-classification>","1","1"
"49452","1","Question","2019-04-17 04:09:56","1","45","<machine-learning><feature-selection><xgboost><feature-engineering>","0",""
"49453","1","Question","2019-04-17 05:24:02","1","187","<machine-learning><data-mining><data>","0",""
"49454","1","Question","2019-04-17 05:39:27","0","101","<deep-learning><multiclass-classification><mlp><smote><imbalanced-learn>","0",""
"49460","1","Question","2019-04-17 07:57:15","1","243","<neural-network><nlp><feature-extraction><bert>","1",""
"49462","1","Question","2019-04-17 08:39:49","3","339","<python><classification><xgboost><multiclass-classification><class-imbalance>","0","1"
"49466","1","Question","2019-04-17 10:01:00","1","72","<machine-learning><time-series><pca><forecast><data-analysis>","0","1"
"49468","1","Question","2019-04-17 10:39:34","10","7629","<cnn><attention-mechanism>","3","9"
"49470","1","Question","2019-04-17 10:51:15","1","50","<machine-learning><neural-network><data-mining><text-mining><recommender-system>","0",""
"49474","1","Question","2019-04-17 11:43:51","1","28","<nlp>","0",""
"62886","1","Question","2019-11-08 15:58:01","1","49","<machine-learning><linear-regression><cost-function>","1",""
"62889","1","Question","2019-11-08 17:17:25","2","60","<machine-learning><neural-network><deep-learning><backpropagation><derivation>","1",""
"62892","1","Question","2019-11-08 19:45:18","0","779","<machine-learning><classification><cross-validation><accuracy>","3",""
"62896","1","Question","2019-11-08 20:56:55","1","101","<deep-learning>","0","1"
"62900","1","Question","2019-11-09 00:05:46","3","55","<scikit-learn><statistics><scipy>","2",""
"62907","1","Question","2019-11-09 05:52:56","0","39","<deep-learning><tensorflow><nlp>","1",""
"62913","1","Question","2019-11-09 09:55:20","2","267","<xgboost><explainable-ai>","0",""
"62914","1","Question","2019-11-09 10:32:53","1","25","<nlp>","1",""
"62916","1","Question","2019-11-09 11:37:03","1","72","<python><pandas>","1",""
"62919","1","Question","2019-11-09 13:45:48","1","13","<machine-learning>","1",""
"62922","1","Question","2019-11-09 15:56:00","1","56","<neural-network><time-series><finance>","2","0"
"62924","1","Question","2019-11-09 17:00:44","1","38","<data-mining><text-mining><data-cleaning><preprocessing>","2",""
"62926","1","Question","2019-11-09 19:44:14","0","31","<pandas><dataframe>","1",""
"62928","1","Question","2019-11-09 20:36:06","2","369","<overfitting><regularization><noise>","2",""
"62929","1","Question","2019-11-09 20:40:54","1","292","<reinforcement-learning>","0",""
"62930","1","Question","2019-11-09 21:00:16","0","603","<machine-learning><classification><random-forest>","1",""
"62932","1","Question","2019-11-09 21:50:14","2","56","<classification><data-mining><statistics><data><data-analysis>","1",""
"62934","1","Question","2019-11-09 22:28:21","1","595","<pandas><dataframe>","3",""
"62941","1","Question","2019-11-10 02:06:34","2","188","<classification><loss-function>","2",""
"62945","1","Question","2019-11-10 08:13:33","1","467","<machine-learning><prediction><graphs>","1",""
"62949","1","Question","2019-11-10 11:50:39","0","288","<machine-learning><r>","1",""
"62953","1","Question","2019-11-10 12:28:30","0","16","<python><pandas><geospatial>","1",""
"62958","1","Question","2019-11-10 17:12:30","2","3961","<statistics><distribution>","2","1"
"62960","1","Question","2019-11-10 17:43:12","3","101","<sequence><markov-hidden-model>","1","1"
"62962","1","Question","2019-11-10 18:54:14","1","56","<regression><linear-regression>","1",""
"62965","1","Question","2019-11-10 20:24:31","1","115","<python><visualization>","0",""
"62968","1","Question","2019-11-10 23:13:11","0","79","<machine-learning><classification><statistics><machine-learning-model>","1",""
"62970","1","Question","2019-11-11 00:06:16","1","101","<distribution><mcmc>","0",""
"62973","1","Question","2019-11-11 00:41:28","1","44","<time-series><data-analysis>","0","1"
"62977","1","Question","2019-11-11 04:18:38","3","2293","<python><time-series><pandas><data-cleaning><excel>","2","2"
"49479","1","Question","2019-04-17 12:59:06","4","683","<clustering><random-forest><similarity>","2","1"
"49483","1","Question","2019-04-17 13:58:05","1","79","<machine-learning><python>","0",""
"49484","1","Question","2019-04-17 15:29:44","2","530","<python><pandas>","1",""
"49485","1","Question","2019-04-17 15:37:10","3","181","<keras><tensorflow>","0","1"
"49486","1","Question","2019-04-17 16:19:36","2","53","<orange><orange3>","0",""
"49487","1","Question","2019-04-17 16:31:40","1","58","<scikit-learn><mlp><deep-learning>","1",""
"49488","1","Question","2019-04-17 16:47:56","8","102","<predictive-modeling><feature-selection><feature-engineering>","2","1"
"49491","1","Question","2019-04-17 17:57:21","4","168","<pandas><dataframe><indexing>","1",""
"49495","1","Question","2019-04-17 18:26:43","1","95","<machine-learning><deep-learning><time-series><rnn><mlp>","1",""
"49496","1","Question","2019-04-17 18:44:39","2","39","<keras><cnn>","0",""
"49498","1","Question","2019-04-17 20:49:35","2","410","<python><gpu><kaggle><google><colab>","1","1"
"49499","1","Question","2019-04-17 23:34:22","3","431","<keras><embeddings>","0",""
"49503","1","Question","2019-04-18 01:51:48","1","288","<logistic-regression>","3",""
"49504","1","Question","2019-04-18 01:53:34","2","70","<visualization><matplotlib><wolfram-language>","0",""
"49510","1","Question","2019-04-18 04:19:47","1","46","<deep-learning>","0",""
"49511","1","Question","2019-04-18 04:52:08","1","904","<reinforcement-learning>","1","2"
"49513","1","Question","2019-04-18 05:30:35","1","20","<recommender-system><word-embeddings><ranking>","0","1"
"49517","1","Question","2019-04-18 07:03:30","1","24","<deep-learning><keras><nlp>","0",""
"49518","1","Question","2019-04-18 07:04:45","2","36","<neural-network>","1",""
"49522","1","Question","2019-04-18 08:06:24","29","17479","<activation-function><bert><mathematics>","2","15"
"49526","1","Question","2019-04-18 09:23:33","2","407","<python><classification><statistics><multiclass-classification><evaluation>","0",""
"49529","1","Question","2019-04-18 11:05:47","0","13195","<python><pandas><indexing>","1",""
"49530","1","Question","2019-04-18 11:13:15","1","53","<cnn><image-classification>","0",""
"49531","1","Question","2019-04-18 11:22:01","9","2587","<machine-learning><classification><dataset><distribution>","2","4"
"49546","1","Question","2019-04-18 15:19:20","1","3845","<python><keras><transfer-learning>","2","1"
"49548","1","Question","2019-04-18 17:14:17","2","61","<python><plotting><matplotlib>","1",""
"49551","1","Question","2019-04-18 20:15:20","2","197","<machine-learning><deep-learning><keras>","1",""
"49553","1","Question","2019-04-18 21:57:04","3","4689","<python><pandas><feature-engineering><feature-construction>","2","1"
"49560","1","Question","2019-04-19 04:05:01","2","283","<python><neural-network><svm><anomaly-detection><rnn>","0",""
"49563","1","Question","2019-04-19 04:37:22","2","2166","<time-series><cnn><image-recognition>","2","2"
"49565","1","Question","2019-04-19 05:25:49","2","302","<machine-learning><python><scikit-learn>","1",""
"49567","1","Question","2019-04-19 06:08:16","17","7860","<machine-learning><xgboost>","1","7"
"49571","1","Question","2019-04-19 08:04:36","5","977","<cross-validation>","1","1"
"49573","1","Question","2019-04-19 08:24:02","9","16691","<machine-learning><logistic-regression>","3","6"
"49575","1","Question","2019-04-19 08:58:37","2","1437","<python><multiclass-classification><class-imbalance><imbalanced-learn>","1",""
"49578","1","Question","2019-04-19 09:54:39","5","206","<machine-learning><python><data-science-model>","2","2"
"49579","1","Question","2019-04-19 09:58:53","1","68","<machine-learning><regression>","0",""
"62982","1","Question","2019-11-11 07:28:25","1","116","<machine-learning><python><optimization>","2",""
"62989","1","Question","2019-11-11 09:44:12","1","28","<machine-learning><classification><predictive-modeling><classifier>","1",""
"62990","1","Question","2019-11-11 10:26:50","1","22","<dataset><preprocessing>","0",""
"62991","1","Question","2019-11-11 11:01:16","0","88","<regression><statistics>","1",""
"62992","1","Question","2019-11-11 11:05:52","1","264","<machine-learning><scikit-learn><gaussian-process>","0",""
"63004","1","Question","2019-11-11 14:11:49","0","122","<machine-learning><statistics><data-science-model><mathematics>","3",""
"63009","1","Question","2019-11-11 15:21:58","1","3603","<python><pandas><dataframe>","2",""
"63012","1","Question","2019-11-11 16:07:38","2","1636","<machine-learning><python><deep-learning><keras><multiclass-classification>","1","0"
"63019","1","Question","2019-11-11 20:02:28","0","41","<deep-learning><classification><computer-vision>","1","1"
"63021","1","Question","2019-11-11 20:27:36","0","95","<lstm><rnn><markov-hidden-model>","1",""
"63023","1","Question","2019-11-11 22:06:44","0","119","<orange><orange3>","1",""
"63024","1","Question","2019-11-11 22:45:16","0","1103","<scikit-learn><random-forest>","1",""
"63035","1","Question","2019-11-12 04:28:04","0","106","<deep-learning><lstm><computer-vision><object-detection><convolutional-neural-network>","0",""
"63036","1","Question","2019-11-12 05:49:57","1","2141","<machine-learning><nlp><encoding><attention-mechanism>","2","1"
"63037","1","Question","2019-11-12 06:32:19","1","4728","<machine-learning><r><feature-reduction>","3","1"
"63041","1","Question","2019-11-12 10:33:05","0","40","<machine-learning><scikit-learn><clustering><anomaly-detection>","1",""
"63045","1","Question","2019-11-12 13:04:58","1","572","<logistic-regression>","1",""
"63049","1","Question","2019-11-12 14:09:45","0","94","<neural-network><keras><time-series>","2",""
"63051","1","Question","2019-11-12 14:53:03","1","107","<time-series><pandas><preprocessing><supervised-learning><numpy>","0","1"
"49581","1","Question","2019-04-19 10:16:45","4","124","<bigdata><image-recognition><search><scalability>","3",""
"49584","1","Question","2019-04-19 11:47:48","2","46","<machine-learning><r><data-science-model><clustering>","1",""
"49587","1","Question","2019-04-19 12:39:43","3","151","<training>","1",""
"49589","1","Question","2019-04-19 13:24:58","0","2513","<python><pandas><dataframe>","3",""
"49591","1","Question","2019-04-19 13:43:30","5","223","<data-mining><nlp><web-scraping>","1",""
"49599","1","Question","2019-04-19 15:28:43","2","90","<clustering><evaluation><information-theory><mutual-information>","1",""
"49600","1","Question","2019-04-19 15:29:18","1","119","<machine-learning><machine-learning-model><object-detection>","1",""
"49606","1","Question","2019-04-19 18:52:01","3","968","<lstm><bayesian><dropout>","1",""
"49608","1","Question","2019-04-19 19:12:41","1","45","<neural-network>","1",""
"49610","1","Question","2019-04-19 19:26:06","0","321","<scikit-learn><nlp><clustering><unsupervised-learning><mean-shift>","0",""
"49611","1","Question","2019-04-19 19:40:17","2","32","<powerbi>","1",""
"49612","1","Question","2019-04-19 21:08:29","3","1001","<dataset>","3","1"
"49620","1","Question","2019-04-20 01:06:51","4","745","<machine-learning><scikit-learn><distance><k-nn>","1",""
"49621","1","Question","2019-04-20 01:57:53","3","69","<machine-learning><nlp><loss-function>","1",""
"49623","1","Question","2019-04-20 03:52:12","1","272","<machine-learning><r><glm>","0",""
"49625","1","Question","2019-04-20 06:42:14","2","3640","<deep-learning><reinforcement-learning><openai-gym>","1","1"
"49628","1","Question","2019-04-20 08:30:34","1","109","<optimization><accuracy><hyperparameter-tuning><k-nn>","1",""
"49629","1","Question","2019-04-20 09:06:55","2","39","<classification><scikit-learn>","1",""
"49638","1","Question","2019-04-20 14:23:44","1","270","<deep-learning><keras><cnn><image-classification><transfer-learning>","0",""
"49639","1","Question","2019-04-20 14:24:55","1","506","<neural-network><tensorflow><hyperparameter-tuning><performance><convolutional-neural-network>","1",""
"49640","1","Question","2019-04-20 14:30:35","1","30","<neural-network><tensorflow><automatic-summarization>","0",""
"49641","1","Question","2019-04-20 15:57:27","1","225","<python><pandas>","1",""
"49643","1","Question","2019-04-20 16:45:55","1","24","<python><tensorflow>","0",""
"49645","1","Question","2019-04-20 17:10:31","1","488","<python><keras><autoencoder>","1",""
"49649","1","Question","2019-04-20 18:02:55","2","235","<machine-learning><neural-network><deep-learning><keras><cnn>","2",""
"49655","1","Question","2019-04-20 23:55:27","0","383","<cnn><pytorch>","1",""
"49658","1","Question","2019-04-21 02:05:27","1","103","<svm><boosting><svr>","0",""
"49661","1","Question","2019-04-21 02:23:37","2","708","<pca><dimensionality-reduction><distance>","2","2"
"49666","1","Question","2019-04-21 06:31:19","5","2658","<neural-network><gradient-descent><activation-function>","2","1"
"49668","1","Question","2019-04-21 09:15:34","1","1032","<machine-learning-model><imbalanced-learn>","1",""
"49669","1","Question","2019-04-21 09:24:45","3","288","<python>","1",""
"49671","1","Question","2019-04-21 10:53:01","0","93","<r><clustering><k-means><dbscan>","1",""
"49673","1","Question","2019-04-21 11:34:55","1","10","<cnn>","0",""
"49674","1","Question","2019-04-21 12:43:46","1","75","<machine-learning><similarity><model-selection>","2",""
"49676","1","Question","2019-04-21 13:20:37","1","401","<machine-learning><neural-network><deep-learning><cnn><structured-data>","1",""
"49680","1","Question","2019-04-21 14:53:44","2","197","<python><hyperparameter-tuning><bayesian><grid-search>","1",""
"49682","1","Question","2019-04-21 15:48:27","0","66","<machine-learning><neural-network><deep-learning><rnn><machine-translation>","2",""
"49683","1","Question","2019-04-21 16:15:45","3","227","<machine-learning><scikit-learn><sampling>","2",""
"49686","1","Question","2019-04-21 16:54:15","0","189","<dataset><pandas>","1",""
"49688","1","Question","2019-04-21 18:05:23","1","271","<machine-learning><python><time-series><regression><forecasting>","0",""
"49693","1","Question","2019-04-21 20:06:22","0","151","<r><time-series><data-analysis>","2","1"
"49697","1","Question","2019-04-21 22:44:23","0","254","<python><random-forest><feature-extraction>","1",""
"63054","1","Question","2019-11-12 15:31:54","2","49","<machine-learning>","1","0"
"63055","1","Question","2019-11-12 16:05:00","0","35","<probability><parameter-estimation><bayesian-nonparametric>","0",""
"63057","1","Question","2019-11-12 16:46:36","0","298","<machine-learning><python><keras><cnn><vgg16>","2","1"
"63059","1","Question","2019-11-12 18:10:26","2","56","<scikit-learn><matrix-factorisation>","0",""
"63060","1","Question","2019-11-12 18:38:36","2","242","<machine-learning><python><pandas><supervised-learning>","3",""
"63061","1","Question","2019-11-12 18:59:40","1","47","<classification><data-mining><k-nn>","1",""
"63063","1","Question","2019-11-12 20:58:12","3","93","<machine-learning><scikit-learn>","1",""
"63070","1","Question","2019-11-13 04:54:41","0","4305","<machine-learning>","1",""
"63075","1","Question","2019-11-13 09:10:54","1","62","<xgboost>","1",""
"63077","1","Question","2019-11-13 10:16:19","2","52","<machine-learning><image-classification><computer-vision><object-detection>","1",""
"63079","1","Question","2019-11-13 10:57:18","3","2682","<neural-network><lstm>","4",""
"63083","1","Question","2019-11-13 12:57:45","1","47","<machine-learning><classification><time-series><lstm>","1",""
"63087","1","Question","2019-11-13 14:19:16","3","180","<xgboost><categorical-data><predictor-importance>","1",""
"63091","1","Question","2019-11-13 15:14:04","1","39","<classification><evaluation>","1",""
"63095","1","Question","2019-11-13 15:27:25","-1","61","<machine-learning><neural-network><deep-learning><data-science-model><activation-function>","2",""
"63099","1","Question","2019-11-13 16:06:41","1","487","<scikit-learn><logistic-regression><gradient-descent><online-learning>","1",""
"63101","1","Question","2019-11-13 16:14:23","23","29194","<jupyter>","5","6"
"63107","1","Question","2019-11-13 18:23:44","2","244","<deep-learning><gradient-descent><linear-algebra><books>","1",""
"63108","1","Question","2019-11-13 18:27:55","0","42","<machine-learning><python><keras><image-preprocessing><opencv>","2",""
"49700","1","Question","2019-04-22 01:01:08","1","871","<python><classification><keras><k-means>","1",""
"49706","1","Question","2019-04-22 05:36:41","0","27","<machine-learning><deep-learning><keras>","0",""
"49709","1","Question","2019-04-22 09:25:25","4","2235","<deep-learning><neural-network><autoencoder><convolutional-neural-network>","1","1"
"49711","1","Question","2019-04-22 09:53:55","1","89","<machine-learning><keras><loss-function>","0",""
"49712","1","Question","2019-04-22 10:41:28","7","2199","<nlp><stanford-nlp>","1","0"
"49718","1","Question","2019-04-22 14:35:02","1","69","<machine-learning><preprocessing><feature-scaling>","1",""
"49720","1","Question","2019-04-22 15:56:36","2","71","<machine-learning><neural-network><deep-learning><lstm><supervised-learning>","1",""
"49721","1","Question","2019-04-22 16:02:27","0","74","<machine-learning><pandas><normalization><k-nn>","1",""
"49723","1","Question","2019-04-22 17:08:26","0","26","<machine-learning><dataset><supervised-learning>","1",""
"49730","1","Question","2019-04-22 19:10:19","0","44","<machine-learning><performance>","1",""
"49731","1","Question","2019-04-22 19:30:29","1","336","<python><nlp>","0",""
"49739","1","Question","2019-04-22 20:39:21","0","35","<machine-learning><keras>","0",""
"49740","1","Question","2019-04-22 21:43:27","1","108","<classification><mnist>","1",""
"49742","1","Question","2019-04-23 00:56:39","2","235","<variance><bias>","1",""
"49744","1","Question","2019-04-23 02:35:08","4","1255","<machine-learning><neural-network><gan><generative-models>","1","2"
"49746","1","Question","2019-04-23 05:51:19","3","1845","<xgboost><cross-validation><hyperparameter-tuning>","2",""
"49748","1","Question","2019-04-23 05:59:57","2","36","<machine-learning>","1",""
"49751","1","Question","2019-04-23 06:03:45","2","3532","<python>","2",""
"49752","1","Question","2019-04-23 06:05:21","0","207","<python><neural-network>","1","1"
"49756","1","Question","2019-04-23 06:48:26","0","313","<machine-learning><clustering><machine-learning-model><data-science-model><data-analysis>","1",""
"49758","1","Question","2019-04-23 07:16:14","3","2467","<python><neural-network><scikit-learn><regression><xgboost>","2","1"
"49760","1","Question","2019-04-23 07:41:48","0","58","<machine-learning><classification><predictive-modeling><machine-learning-model>","1",""
"49765","1","Question","2019-04-23 09:08:59","1","416","<machine-learning><python>","1",""
"49768","1","Question","2019-04-23 10:04:56","0","46","<data><representation>","2",""
"49774","1","Question","2019-04-23 11:53:15","3","760","<predictive-modeling><data-cleaning><normalization>","2",""
"49775","1","Question","2019-04-23 12:04:07","0","746","<python><classification><scikit-learn>","1",""
"49777","1","Question","2019-04-23 12:20:35","0","245","<cnn><accuracy>","1",""
"49780","1","Question","2019-04-23 12:37:02","2","718","<classification><multilabel-classification><fuzzy-logic><fuzzy-classification>","2",""
"49786","1","Question","2019-04-23 13:46:47","0","34","<feature-selection><pca><matlab>","1",""
"49792","1","Question","2019-04-23 14:46:18","1","1881","<python><optimization>","0",""
"49795","1","Question","2019-04-23 16:24:51","0","968","<neural-network><cnn>","0",""
"49800","1","Question","2019-04-23 18:18:44","0","47","<machine-learning><classification><data>","0",""
"49802","1","Question","2019-04-23 11:45:56","1","72","<deep-learning><python>","1",""
"49804","1","Question","2019-04-23 20:44:55","0","306","<feature-selection><pca><matlab>","1",""
"49807","1","Question","2019-04-23 22:04:24","0","2925","<python><neural-network><keras><accuracy>","1","1"
"49809","1","Question","2019-04-23 23:44:44","0","48","<optimization><matlab><genetic-algorithms>","1",""
"50811","1","Question","2019-04-24 01:26:57","0","167","<tensorflow><cnn><computer-vision><mnist>","0",""
"50814","1","Question","2019-04-24 02:53:11","0","72","<machine-learning><feature-selection><feature-engineering>","1",""
"50815","1","Question","2019-04-24 02:53:51","0","184","<bigdata>","2","1"
"63116","1","Question","2019-11-13 23:39:57","2","1776","<keras><cnn>","1","0"
"63118","1","Question","2019-11-14 00:39:36","2","136","<neural-network><deep-learning><cnn><image-classification><computer-vision>","3",""
"63120","1","Question","2019-11-14 00:53:06","0","261","<tsne>","1",""
"63124","1","Question","2019-11-14 03:29:42","1","191","<nlp><bert><language-model>","1",""
"63125","1","Question","2019-11-14 03:31:51","2","72","<feature-selection><random-forest>","0",""
"63126","1","Question","2019-11-14 04:19:43","1","582","<machine-learning><outlier>","1",""
"63129","1","Question","2019-11-14 06:25:07","3","2173","<python><scikit-learn><hyperparameter-tuning>","2",""
"63130","1","Question","2019-11-14 06:36:41","1","55","<lstm><autoencoder><chatbot>","0",""
"63132","1","Question","2019-11-14 06:44:06","2","23194","<python><opencv>","3",""
"63133","1","Question","2019-11-14 06:51:47","1","1551","<python><matplotlib><plotting><databases><sql>","1",""
"63134","1","Question","2019-11-14 07:37:02","0","106","<pca><normalization><orange><orange3>","1",""
"63135","1","Question","2019-11-14 08:17:33","0","34","<python><r><data>","1",""
"63136","1","Question","2019-11-14 08:28:13","0","47","<predictive-modeling><statistics><data-cleaning><matlab><outlier>","1",""
"63140","1","Question","2019-11-14 08:55:22","1","211","<neural-network><categorical-data><embeddings><bert><transformer>","0","1"
"63150","1","Question","2019-11-14 11:14:15","1","33","<deep-learning><keras><tensorflow><reinforcement-learning>","0","2"
"63154","1","Question","2019-11-14 12:40:32","-1","1176","<neural-network><multiclass-classification><pytorch><softmax>","1",""
"63161","1","Question","2019-11-14 17:10:25","1","9","<neural-network><optimization>","0","1"
"63167","1","Question","2019-11-14 18:49:46","0","75","<distribution><mathematics>","1",""
"63172","1","Question","2019-11-14 19:53:25","1","24","<machine-learning><k-nn><javascript>","1",""
"63174","1","Question","2019-11-14 22:16:52","1","156","<python><scikit-learn><decision-trees>","1",""
"63179","1","Question","2019-11-15 02:17:48","0","133","<backpropagation>","0",""
"63183","1","Question","2019-11-15 04:13:56","2","23","<ab-test>","1","1"
"63184","1","Question","2019-11-15 06:08:38","1","27","<deep-learning><keras><epochs>","1",""
"63185","1","Question","2019-11-15 07:03:21","1","167","<scikit-learn><feature-selection><xgboost>","1",""
"63186","1","Question","2019-11-15 07:25:59","2","4678","<python><neural-network><deep-learning><optimization><loss-function>","2","2"
"63195","1","Question","2019-11-15 08:53:54","1","1687","<machine-learning><neural-network><deep-learning><recommender-system><software-recommendation>","1","1"
"63196","1","Question","2019-11-15 08:55:46","1","325","<python><neural-network><scikit-learn><encoding>","2",""
"63203","1","Question","2019-11-15 10:16:53","1","73","<deep-learning><classification><keras>","1",""
"63205","1","Question","2019-11-15 11:52:25","-1","311","<python><logistic-regression><categorical-data><correlation>","1","1"
"63217","1","Question","2019-11-15 17:06:44","3","2581","<nlp><word-embeddings><similarity><bert>","2","1"
"50816","1","Question","2019-04-24 03:52:49","1","66","<machine-learning><python>","1",""
"50819","1","Question","2019-04-24 05:15:55","0","44","<data-mining><visualization><data-analysis><tableau><powerbi>","1",""
"50820","1","Question","2019-04-24 05:40:33","3","110","<machine-learning><deep-learning><nlp><machine-learning-model>","2","1"
"50824","1","Question","2019-04-24 06:14:32","1","589","<python><nltk>","1","1"
"50825","1","Question","2019-04-24 06:27:03","1","58","<machine-learning><deep-learning><keras><dataset><data-cleaning>","0","1"
"50829","1","Question","2019-04-24 07:19:02","2","1142","<machine-learning><python><linear-regression><machine-learning-model>","3",""
"50831","1","Question","2019-04-24 07:42:04","0","22","<machine-learning><classification><keras><machine-learning-model><accuracy>","0",""
"50835","1","Question","2019-04-24 08:58:28","0","51","<scikit-learn><clustering>","1",""
"50836","1","Question","2019-04-24 09:04:45","3","1217","<python><deep-learning><keras><preprocessing><rnn>","0",""
"50838","1","Question","2019-04-24 09:10:38","-1","41","<classification><clustering><text-mining><nlp><lda>","1",""
"50841","1","Question","2019-04-24 09:49:27","0","32","<machine-learning><python><keras><tensorflow><pandas>","1",""
"50842","1","Question","2019-04-24 10:03:47","0","192","<python><regression><evaluation><metric>","1",""
"50843","1","Question","2019-04-24 10:55:38","2","82","<machine-learning><text-mining><nlp><named-entity-recognition>","2",""
"50847","1","Question","2019-04-24 11:41:22","2","290","<algorithms><k-nn>","1",""
"50849","1","Question","2019-04-24 12:07:45","1","35","<machine-learning><text>","0","1"
"50852","1","Question","2019-04-24 13:50:16","1","435","<feature-extraction><pca><dimensionality-reduction><predictor-importance>","1",""
"50854","1","Question","2019-04-24 14:05:48","3","2804","<machine-learning><python><deep-learning><keras><machine-learning-model>","1",""
"50857","1","Question","2019-04-24 14:18:16","1","56","<time-series><k-means><outlier><dbscan><anomaly>","0",""
"50859","1","Question","2019-04-24 14:31:05","0","26","<deep-learning>","1",""
"50863","1","Question","2019-04-24 15:50:35","1","79","<neural-network><deep-learning><keras><prediction>","0",""
"50866","1","Question","2019-04-24 16:41:04","2","98","<machine-learning><feature-extraction><feature-engineering>","2","0"
"50868","1","Question","2019-04-24 17:03:19","1","160","<machine-learning><prediction>","1",""
"50870","1","Question","2019-04-24 17:30:53","1","64","<machine-learning><data-mining><random-forest><machine-learning-model><self-study>","1","1"
"50873","1","Question","2019-04-24 18:36:03","0","251","<autoencoder><matlab>","2",""
"50874","1","Question","2019-04-24 18:40:40","1","46","<machine-learning><python><deep-learning><r><time-series>","1",""
"50876","1","Question","2019-04-24 20:08:28","2","79","<machine-learning><feature-selection><logistic-regression><accuracy>","2","1"
"50887","1","Question","2019-04-25 05:59:17","0","1649","<machine-learning><python><neural-network><keras>","1","1"
"50888","1","Question","2019-04-25 06:15:05","0","41","<machine-learning><feature-extraction><data-science-model>","1",""
"50891","1","Question","2019-04-25 07:19:51","0","32","<machine-learning><deep-learning><reinforcement-learning><computer-vision>","1",""
"50893","1","Question","2019-04-25 07:52:28","3","310","<machine-learning><visualization><confusion-matrix>","1",""
"50899","1","Question","2019-04-25 10:11:06","3","367","<class-imbalance><probability-calibration>","0","1"
"50902","1","Question","2019-04-25 11:23:29","0","26","<neural-network><keras><time-series><rnn><sequence-to-sequence>","0","0"
"50904","1","Question","2019-04-25 11:55:23","3","177","<machine-learning><data><data-analysis><encoding>","2",""
"50909","1","Question","2019-04-25 13:21:07","0","287","<time-series><prediction><missing-data>","1",""
"50912","1","Question","2019-04-25 13:48:22","0","80","<classification><cost-function>","1","1"
"50913","1","Question","2019-04-25 14:02:20","0","119","<feature-engineering><machine-learning-model>","2",""
"50917","1","Question","2019-04-25 14:53:17","1","159","<dataset><feature-selection><random-forest>","2",""
"63219","1","Question","2019-11-15 17:53:52","6","4254","<scikit-learn><hyperparameter-tuning><convolutional-neural-network><gridsearchcv><epochs>","3","1"
"63220","1","Question","2019-11-15 18:37:28","2","18","<machine-learning><deep-learning><cnn><convolution>","0",""
"63223","1","Question","2019-11-15 19:41:18","1","379","<machine-learning><deep-learning><learning-rate>","1",""
"63226","1","Question","2019-11-15 21:46:48","1","47","<classification><performance>","1","1"
"63227","1","Question","2019-11-15 22:50:58","1","99","<machine-learning><classification>","2",""
"63228","1","Question","2019-11-15 23:45:55","0","25","<statistics><markov-process><market-basket-analysis>","1",""
"63231","1","Question","2019-11-16 04:07:20","1","59","<machine-learning><deep-learning><normalization><batch-normalization>","0",""
"63234","1","Question","2019-11-16 04:56:32","0","24","<python><nlp>","0",""
"63239","1","Question","2019-11-16 09:25:19","3","120","<categorical-data>","2","1"
"63241","1","Question","2019-11-16 11:27:53","0","190","<logistic-regression><loss-function>","0",""
"63246","1","Question","2019-11-16 12:23:52","0","24","<machine-learning><data><data-cleaning><machine-learning-model>","0",""
"63249","1","Question","2019-11-16 13:20:13","1","56","<clustering><data><visualization><infographics>","2","1"
"63251","1","Question","2019-11-16 13:34:14","0","34","<r><clustering><statistics><k-means>","1",""
"63253","1","Question","2019-11-16 14:37:17","0","61","<decision-trees>","1",""
"63254","1","Question","2019-11-16 15:31:43","0","60","<python><nlp><sentiment-analysis>","1",""
"63261","1","Question","2019-11-16 18:19:05","0","35","<dataset><data-cleaning><preprocessing>","1",""
"63264","1","Question","2019-11-16 20:02:22","0","125","<data><stata>","1",""
"63270","1","Question","2019-11-16 22:14:46","2","112","<machine-learning><neural-network><keras><tensorflow><image-classification>","2",""
"63271","1","Question","2019-11-17 01:15:33","1","486","<machine-learning><image-classification><transfer-learning><convolutional-neural-network><vgg16>","1",""
"63273","1","Question","2019-11-17 02:41:56","0","53","<data-mining><algorithms><graphs>","1",""
"63274","1","Question","2019-11-17 03:39:44","1","17","<nlp><cnn><weka>","0",""
"63279","1","Question","2019-11-17 05:01:45","0","12","<pandas><linear-regression>","1",""
"63287","1","Question","2019-11-17 09:47:45","2","179","<classification><tensorflow><multiclass-classification>","3","1"
"63292","1","Question","2019-11-17 11:53:29","0","106","<clustering><categorical-data>","1",""
"63298","1","Question","2019-11-17 15:47:14","1","69","<regression>","1",""
"63300","1","Question","2019-11-17 18:19:17","1","22","<machine-learning><python><keras><lstm><rnn>","0",""
"50922","1","Question","2019-04-25 15:30:56","0","69","<machine-learning><recommender-system>","1",""
"50925","1","Question","2019-04-25 16:03:47","0","55","<machine-learning><predictive-modeling><features>","3",""
"50931","1","Question","2019-04-25 18:08:28","0","20","<kernel>","0","1"
"50933","1","Question","2019-04-25 18:23:04","-1","119","<clustering>","1",""
"50934","1","Question","2019-04-25 18:38:32","1","137","<python><tensorflow>","2",""
"50939","1","Question","2019-04-25 20:23:06","1","404","<python><convergence>","0",""
"50944","1","Question","2019-04-25 21:28:20","0","1094","<orange><class-imbalance>","3",""
"50948","1","Question","2019-04-25 22:56:00","2","504","<machine-learning><optimization><data-science-model>","1","1"
"50949","1","Question","2019-04-25 23:35:12","3","323","<python><neural-network><classification><keras><tensorflow>","2",""
"50955","1","Question","2019-04-26 05:34:31","0","48","<machine-learning><classification><xgboost><class-imbalance>","0",""
"50957","1","Question","2019-04-26 06:04:58","0","72","<neural-network><tensorflow><training>","1",""
"50958","1","Question","2019-04-26 06:12:35","1","26","<machine-learning><neural-network><deep-learning><cnn><image-classification>","1",""
"50959","1","Question","2019-04-26 06:31:30","1","22","<clustering>","0",""
"50966","1","Question","2019-04-26 08:27:46","0","118","<lstm>","1",""
"50967","1","Question","2019-04-26 08:46:11","2","194","<cross-validation><overfitting>","1",""
"50968","1","Question","2019-04-26 09:20:36","3","490","<machine-learning><python><classification><predictive-modeling><svm>","3",""
"50971","1","Question","2019-04-26 10:05:34","0","28","<statistics>","2",""
"50982","1","Question","2019-04-26 13:58:13","1","52","<machine-learning><machine-learning-model><anomaly-detection><binary><anomaly>","1","1"
"50985","1","Question","2019-04-26 14:04:32","1","1120","<python><keras><tensorflow>","1",""
"50988","1","Question","2019-04-26 14:23:59","3","45","<machine-learning><dataset><data><random-forest><training>","1",""
"50992","1","Question","2019-04-26 16:14:47","3","75","<clustering>","2",""
"50995","1","Question","2019-04-26 16:42:09","3","923","<machine-learning><regression>","2",""
"50997","1","Question","2019-04-26 17:45:32","4","52","<neural-network>","1",""
"50998","1","Question","2019-04-26 17:50:12","6","678","<neural-network><deep-learning><keras><class-imbalance>","1","2"
"51002","1","Question","2019-04-26 18:58:58","0","25","<neural-network>","0",""
"51007","1","Question","2019-04-27 03:05:01","1","195","<python><nlp><nltk>","2",""
"51012","1","Question","2019-04-27 08:01:57","1","49","<regression><class-imbalance>","1",""
"51014","1","Question","2019-04-27 08:45:15","0","72","<neural-network><deep-learning><linear-regression><activation-function>","1",""
"51015","1","Question","2019-04-27 10:01:57","1","43","<regression><linear-regression><kaggle>","1",""
"63302","1","Question","2019-11-17 19:12:25","0","84","<r>","1","1"
"63303","1","Question","2019-11-17 19:17:10","0","62","<scikit-learn><tensorflow><pytorch><apache-spark>","0",""
"63305","1","Question","2019-11-17 20:04:47","1","319","<deep-learning><keras><tensorflow><loss-function><deepmind>","1",""
"63306","1","Question","2019-11-17 20:31:06","1","160","<python><clustering><hyperparameter-tuning>","0",""
"63311","1","Question","2019-11-17 22:17:00","0","144","<recommender-system>","1",""
"63312","1","Question","2019-11-17 22:23:30","1","61","<neural-network><cnn><gradient-descent><regularization><implementation>","0","0"
"63313","1","Question","2019-11-18 00:01:40","1","688","<random-forest><xgboost><regularization><boosting>","1",""
"63321","1","Question","2019-11-18 07:16:13","0","50","<reinforcement-learning><dqn><ai><actor-critic><monte-carlo>","1",""
"63322","1","Question","2019-11-18 07:44:57","6","3678","<machine-learning><random-forest><lightgbm>","1",""
"63324","1","Question","2019-11-18 08:24:15","-1","26","<machine-learning><features>","1","0"
"63325","1","Question","2019-11-18 08:52:54","3","2339","<similarity><metric><cosine-distance>","3","1"
"63333","1","Question","2019-11-18 10:09:19","2","26","<nlp>","1",""
"63338","1","Question","2019-11-18 11:33:07","0","202","<machine-learning><python><keras><cnn><preprocessing>","2",""
"63340","1","Question","2019-11-18 12:14:25","0","68","<python><neural-network><recommender-system>","1",""
"63341","1","Question","2019-11-18 12:23:50","0","267","<machine-learning><embeddings>","2",""
"63350","1","Question","2019-11-18 14:24:39","1","52","<scikit-learn><recommender-system><word-embeddings><embeddings>","2",""
"63356","1","Question","2019-11-18 16:38:00","1","60","<classification><text>","2",""
"63358","1","Question","2019-11-18 17:05:43","2","23","<ensemble-modeling><mathematics><convergence>","0",""
"63361","1","Question","2019-11-18 17:47:54","0","78","<keras><lstm><theory>","1",""
"63362","1","Question","2019-11-18 17:48:01","0","123","<machine-learning><dataset><distribution><non-parametric>","1",""
"63363","1","Question","2019-11-18 17:58:00","1","20","<deep-learning><gan>","0","1"
"63364","1","Question","2019-11-18 18:09:25","2","1485","<terminology>","1",""
"63365","1","Question","2019-11-18 18:20:00","0","362","<keras><loss-function><categorical-data><machine-translation>","1",""
"63366","1","Question","2019-11-18 18:51:20","1","149","<statistics><preprocessing><naive-bayes-classifier>","1",""
"63370","1","Question","2019-11-18 19:24:01","2","34","<machine-learning><python><keras><tensorflow>","0","1"
"63373","1","Question","2019-11-18 20:41:35","2","54","<dataset><missing-data><encoding>","1","2"
"63377","1","Question","2019-11-19 03:13:33","0","100","<machine-learning><python><deep-learning><computer-vision><opencv>","2","0"
"63379","1","Question","2019-11-19 05:05:50","0","38","<deep-learning><classification><keras><tensorflow>","1",""
"63380","1","Question","2019-11-19 06:52:03","2","80","<machine-learning>","2",""
"63384","1","Question","2019-11-19 08:51:09","0","101","<neural-network><dataset><feature-selection><rnn><audio-recognition>","0",""
"63390","1","Question","2019-11-19 10:21:35","0","48","<machine-learning><neural-network>","0",""
"63391","1","Question","2019-11-19 10:29:04","1","96","<machine-learning><python><distance>","0","1"
"63395","1","Question","2019-11-19 12:07:42","0","163","<feature-selection><logistic-regression><class-imbalance><smote>","1",""
"63399","1","Question","2019-11-19 12:52:54","1","3462","<nlp><named-entity-recognition>","1",""
"63403","1","Question","2019-11-19 13:44:44","1","43","<classification>","1","1"
"63405","1","Question","2019-11-19 14:53:12","0","38","<neural-network><overfitting>","0",""
"63406","1","Question","2019-11-19 15:39:50","0","57","<machine-learning><statistics>","1",""
"63408","1","Question","2019-11-19 16:19:49","0","111","<machine-learning><time-series><forecasting>","3",""
"63409","1","Question","2019-11-19 16:37:10","2","130","<machine-learning><normalization>","2",""
"63410","1","Question","2019-11-19 16:40:20","3","68","<pandas><optimization><dataframe><processing>","2",""
"63414","1","Question","2019-11-19 17:42:52","6","5314","<python><keras><tensorflow><loss-function><implementation>","1","1"
"63421","1","Question","2019-11-19 20:19:34","0","47","<keras><cnn>","1","0"
"63425","1","Question","2019-11-19 21:24:08","1","418","<python><neural-network><bias>","0",""
"63430","1","Question","2019-11-20 02:02:47","1","16","<classification><feature-engineering><word2vec><doc2vec>","0",""
"63434","1","Question","2019-11-20 04:40:17","1","653","<machine-learning><deep-learning><convolution>","2",""
"63437","1","Question","2019-11-20 04:48:26","0","86","<machine-learning><dataset><data-cleaning><machine-learning-model><multiclass-classification>","2","1"
"63438","1","Question","2019-11-20 05:20:33","1","164","<machine-learning><python><feature-engineering>","2",""
"63445","1","Question","2019-11-20 08:13:46","0","15","<machine-learning><similarity>","0","0"
"63446","1","Question","2019-11-20 08:14:43","0","107","<machine-learning><regression><predictive-modeling><xgboost><accuracy>","0","0"
"63449","1","Question","2019-11-20 08:44:53","0","124","<machine-learning><neural-network><statistics><loss-function><probability>","0",""
"63454","1","Question","2019-11-20 09:38:39","0","240","<machine-learning><neural-network><multiclass-classification><word-embeddings>","1",""
"63455","1","Question","2019-11-20 10:05:57","1","873","<time-series><forecasting>","1",""
"63458","1","Question","2019-11-20 10:21:49","0","89","<machine-learning><neural-network><deep-learning>","1","1"
"63459","1","Question","2019-11-20 10:59:05","0","176","<word-embeddings><bert><spacy>","2",""
"63460","1","Question","2019-11-20 11:05:31","1","10028","<tensorflow><gpu><google><colab><nvidia>","1","1"
"63461","1","Question","2019-11-20 11:49:03","0","639","<deep-learning><cnn><image-recognition>","1",""
"63463","1","Question","2019-11-20 12:18:21","1","33","<r>","2","1"
"63467","1","Question","2019-11-20 13:30:23","1","576","<machine-learning><python><classification><scikit-learn><logistic-regression>","2",""
"63473","1","Question","2019-11-20 15:00:58","1","66","<named-entity-recognition><tfidf>","0",""
"63476","1","Question","2019-11-20 15:40:31","0","143","<python><neural-network><deep-learning><prediction><pytorch>","1",""
"63482","1","Question","2019-11-20 17:08:35","6","175","<python><numpy><graphs><embeddings><representation>","0","0"
"51020","1","Question","2019-04-27 13:15:57","2","1264","<python><recommender-system><numpy><cosine-distance>","3",""
"51024","1","Question","2019-04-27 14:46:04","2","248","<python><predictive-modeling><numpy>","1",""
"51027","1","Question","2019-04-27 15:00:15","5","688","<machine-learning><python><data>","2",""
"51032","1","Question","2019-04-27 17:26:56","5","596","<performance><hardware>","1",""
"51033","1","Question","2019-04-27 17:50:47","3","701","<machine-learning><python><prediction>","1","1"
"51034","1","Question","2019-04-27 18:40:02","0","58","<deep-learning><nlp><lstm><rnn>","0",""
"51036","1","Question","2019-04-27 20:04:50","1","652","<python><dataset><normalization>","2",""
"51038","1","Question","2019-04-27 20:39:59","0","259","<python><dataset><matplotlib>","1",""
"51039","1","Question","2019-04-27 21:23:17","1","121","<decision-trees>","1","1"
"51043","1","Question","2019-04-27 23:02:07","1","298","<python><keras><scikit-learn><tensorflow><stacked-lstm>","0","1"
"51048","1","Question","2019-04-28 05:58:43","0","788","<tensorflow><cnn><loss-function><heatmap>","1",""
"51049","1","Question","2019-04-28 07:13:20","4","59","<time-series><prediction><anomaly-detection>","1","1"
"51053","1","Question","2019-04-28 10:56:28","1","104","<tensorflow>","0",""
"51055","1","Question","2019-04-28 12:28:06","1","527","<python>","2",""
"51056","1","Question","2019-04-28 12:51:12","0","44","<machine-learning><automation>","1",""
"51057","1","Question","2019-04-28 13:28:04","3","2774","<machine-learning><python><xgboost><learning-to-rank>","2","1"
"51065","1","Question","2019-04-28 14:43:17","57","36818","<nlp><encoding><attention-mechanism><transformer>","4","28"
"51069","1","Question","2019-04-28 15:27:23","0","312","<reinforcement-learning><pytorch><dqn><openai-gym>","1",""
"51079","1","Question","2019-04-28 19:28:10","2","209","<machine-learning><deep-learning><multiclass-classification>","1","1"
"51082","1","Question","2019-04-28 20:31:23","2","70","<keras><xgboost><training><weighted-data>","1",""
"51083","1","Question","2019-04-28 21:17:26","1","103","<classification><feature-selection><feature-extraction><pca>","1","2"
"51084","1","Question","2019-04-28 21:54:56","0","3047","<dataset><cnn><svm><accuracy>","2",""
"51085","1","Question","2019-04-28 22:28:17","1","59","<deep-learning><keras>","0",""
"51086","1","Question","2019-04-28 23:24:10","2","1882","<tensorflow><lstm><sequence-to-sequence><attention-mechanism><vae>","1",""
"51087","1","Question","2019-04-29 02:35:48","1","45","<machine-learning><classification><probability><boosting><ensemble>","1","1"
"51088","1","Question","2019-04-29 03:32:47","2","55","<machine-learning><data><feature-engineering><features>","1",""
"51092","1","Question","2019-04-29 07:01:23","1","53","<classification><time-series>","1",""
"51095","1","Question","2019-04-29 09:04:54","0","96","<classification><sampling><class-imbalance><binary><smote>","2",""
"51096","1","Question","2019-04-29 09:10:16","3","247","<nlp><structured-data>","1","1"
"51100","1","Question","2019-04-29 09:47:55","3","2495","<deep-learning><classification><keras><scikit-learn><decision-trees>","1","1"
"51101","1","Question","2019-04-29 10:03:31","2","196","<python><deep-learning><anomaly-detection>","1",""
"51102","1","Question","2019-04-29 10:20:17","0","22","<machine-learning><classification>","1",""
"51106","1","Question","2019-04-29 10:51:39","0","26","<python><classification><keras><multilabel-classification><nlp>","1",""
"51109","1","Question","2019-04-29 11:49:06","1","70","<machine-learning><data-mining><data>","1",""
"51112","1","Question","2019-04-29 13:11:33","1","597","<machine-learning><python><clustering><pandas><k-means>","0",""
"63485","1","Question","2019-11-20 17:51:23","0","310","<data-mining><correlation>","1",""
"63491","1","Question","2019-11-20 20:22:23","0","44","<machine-learning><dataset><prediction><beginner>","1","1"
"63493","1","Question","2019-11-20 21:12:41","1","500","<pytorch><image-preprocessing><data-augmentation><scipy>","1",""
"63496","1","Question","2019-11-20 22:07:03","1","99","<text-mining><k-means><unsupervised-learning><topic-model><dbscan>","2",""
"63499","1","Question","2019-11-20 22:36:28","2","108","<machine-learning><deep-learning><bayesian>","0","1"
"63503","1","Question","2019-11-20 23:58:25","3","360","<machine-learning><r><random-forest><overfitting>","2",""
"63506","1","Question","2019-11-21 00:38:44","1","108","<neural-network><backpropagation>","0",""
"63508","1","Question","2019-11-21 02:33:46","1","47","<machine-learning>","3",""
"63514","1","Question","2019-11-21 06:10:48","1","454","<metric><rmse>","2",""
"63516","1","Question","2019-11-21 06:18:21","0","14","<classification>","2",""
"63522","1","Question","2019-11-21 08:05:20","2","53","<dataset><bigdata><beginner>","0",""
"63524","1","Question","2019-11-21 08:42:37","2","93","<machine-learning><deep-learning><time-series><supervised-learning><generative-models>","1",""
"63526","1","Question","2019-11-21 09:26:37","2","50","<python><jupyter><numerical>","1",""
"63529","1","Question","2019-11-21 09:39:59","0","21","<python><ensemble-modeling><k-nn><multi-output>","0",""
"63531","1","Question","2019-11-21 10:34:46","0","81","<neural-network><keras><cross-validation><optimization>","1",""
"63533","1","Question","2019-11-21 11:02:03","3","740","<machine-learning><tensorflow><word-embeddings>","1",""
"63534","1","Question","2019-11-21 11:06:00","0","371","<machine-learning><gridsearchcv><data-leakage>","0",""
"63538","1","Question","2019-11-21 13:11:13","0","34","<python><time-series><pandas><numpy><interpolation>","1",""
"63540","1","Question","2019-11-21 14:02:35","0","39","<machine-learning><python><keras><confusion-matrix><convolutional-neural-network>","1","1"
"63541","1","Question","2019-11-21 14:28:19","2","77","<data-mining><data><bigdata>","1",""
"63544","1","Question","2019-11-21 14:58:31","1","453","<regression><linear-regression>","3",""
"63545","1","Question","2019-11-21 15:15:13","1","46","<machine-learning><optimization><unsupervised-learning><loss-function>","0",""
"63549","1","Question","2019-11-21 15:28:26","2","13","<machine-learning><nlp><nlg>","0","1"
"63552","1","Question","2019-11-21 15:50:47","1","17","<python><nlp><text-mining><information-retrieval>","0",""
"63554","1","Question","2019-11-21 16:19:05","0","3234","<python><scikit-learn>","1",""
"63555","1","Question","2019-11-21 16:59:51","1","271","<probability><class-imbalance><sampling><smote><probability-calibration>","1",""
"63556","1","Question","2019-11-21 17:09:37","0","972","<pandas>","1",""
"63558","1","Question","2019-11-21 17:31:50","5","1138","<classification><feature-engineering><non-parametric><anova>","3","6"
"63563","1","Question","2019-11-21 19:09:12","2","379","<classification><r><random-forest>","3",""
"63568","1","Question","2019-11-22 00:52:00","0","18","<clustering>","1","1"
"51115","1","Question","2019-04-29 13:23:52","0","79","<tensorflow><finite-precision>","0",""
"51118","1","Question","2019-04-29 13:49:04","0","1861","<python><scikit-learn><feature-selection>","1",""
"51122","1","Question","2019-04-29 14:46:52","2","470","<python><neural-network><tensorflow><lstm><dropout>","0",""
"51123","1","Question","2019-04-29 15:15:42","4","4108","<machine-learning><python><neural-network><deep-learning><keras>","2","1"
"51125","1","Question","2019-04-29 16:05:56","0","394","<time-series>","1","1"
"51127","1","Question","2019-04-29 16:49:20","2","87","<deep-learning><rnn><convolutional-neural-network>","1",""
"51131","1","Question","2019-04-29 17:24:10","1","429","<neural-network><keras><time-series><lstm><rnn>","0","1"
"51132","1","Question","2019-04-29 17:48:04","4","217","<scikit-learn><prediction><dimensionality-reduction><feature-scaling><pipelines>","2","0"
"51136","1","Question","2019-04-29 20:18:39","1","1277","<regression><lstm><deep-learning>","3",""
"51139","1","Question","2019-04-29 20:46:15","0","29","<pca>","1",""
"51141","1","Question","2019-04-29 21:43:59","4","231","<machine-learning><nlp><language-model>","1","1"
"51144","1","Question","2019-04-29 22:17:22","1","57","<machine-learning><deep-learning><time-series><optimization>","1",""
"51150","1","Question","2019-04-30 02:02:40","0","190","<python><pytorch>","0",""
"51154","1","Question","2019-04-30 04:18:11","0","112","<python><recommender-system><pyspark><metric>","0","0"
"51155","1","Question","2019-04-30 05:46:53","6","3910","<machine-learning><python><scikit-learn><statistics>","3","3"
"51157","1","Question","2019-04-30 06:03:42","1","1190","<feature-scaling><batch-normalization>","1",""
"51159","1","Question","2019-04-30 07:12:24","2","70","<python><scikit-learn>","1",""
"51167","1","Question","2019-04-30 10:39:41","4","170","<machine-learning><classification><random-forest>","1","1"
"51170","1","Question","2019-04-30 12:40:01","5","75","<nlp><data-mining><pandas><text-mining>","1","1"
"51173","1","Question","2019-04-30 13:38:10","1","1826","<deep-learning><keras><tensorflow>","0",""
"51175","1","Question","2019-04-30 13:54:11","6","130","<python><predictive-modeling><pandas><decision-trees><scipy>","3","1"
"51177","1","Question","2019-04-30 14:25:34","1","25","<keras>","0",""
"51180","1","Question","2019-04-30 15:09:12","-2","67","<machine-learning><python><random-forest>","1",""
"51181","1","Question","2019-04-30 15:11:23","1","150","<python><neural-network><keras>","0",""
"51182","1","Question","2019-04-30 15:16:04","0","484","<python><markov-hidden-model>","1",""
"51183","1","Question","2019-04-30 15:26:02","1","42","<neural-network><deep-learning><rnn>","2",""
"51188","1","Question","2019-04-30 17:09:01","11","2253","<machine-learning><classification>","3",""
"51193","1","Question","2019-04-30 19:26:30","1","18","<svm><noise>","0","1"
"51196","1","Question","2019-04-30 21:17:05","0","31","<similarity><information-retrieval>","1",""
"51202","1","Question","2019-05-01 00:48:30","5","1187","<deep-learning><tensorflow><lstm><rnn>","1",""
"51203","1","Question","2019-05-01 00:50:35","0","2044","<machine-learning><python><scikit-learn>","1",""
"63571","1","Question","2019-11-22 03:00:42","0","1077","<keras><tensorflow>","1",""
"63573","1","Question","2019-11-22 04:29:10","1","111","<machine-learning><class-imbalance><smote>","1",""
"63575","1","Question","2019-11-22 05:10:48","1","918","<neural-network><cnn><reinforcement-learning>","1","1"
"63576","1","Question","2019-11-22 05:12:52","0","18","<lda><gensim>","0",""
"63580","1","Question","2019-11-22 06:41:50","1","279","<machine-learning><feature-selection><preprocessing><data-science-model><model-selection>","2",""
"63583","1","Question","2019-11-22 07:03:41","1","20","<data-cleaning><feature-engineering><preprocessing><outlier>","0",""
"63586","1","Question","2019-11-22 08:39:49","1","172","<activation-function><gaussian><neural>","1","1"
"63588","1","Question","2019-11-22 09:34:47","2","63","<python><feature-scaling>","1","1"
"63590","1","Question","2019-11-22 10:13:21","1","41","<nlp><tfidf>","3",""
"63591","1","Question","2019-11-22 10:26:00","0","31","<python><classification><scikit-learn><text-mining><naive-bayes-classifier>","1",""
"63596","1","Question","2019-11-22 11:36:33","1","18","<classification><noise>","0",""
"63599","1","Question","2019-11-22 12:23:15","1","17","<deep-learning><labels><image-segmentation>","1",""
"63600","1","Question","2019-11-22 12:39:27","4","47","<machine-learning><deep-learning><nlp>","1",""
"63609","1","Question","2019-11-22 14:45:57","1","199","<python><tensorflow><gpu>","1",""
"63610","1","Question","2019-11-22 14:49:04","1","337","<tableau><heatmap>","1",""
"63615","1","Question","2019-11-22 15:36:23","0","59","<machine-learning><python><neural-network><data-science-model><ai>","2",""
"63617","1","Question","2019-11-22 16:04:32","1","26","<sql><web-scraping><python-3.x>","1",""
"63623","1","Question","2019-11-22 19:46:06","1","33","<machine-learning><logistic-regression><genetic-algorithms>","2",""
"63624","1","Question","2019-11-22 20:05:58","1","30","<machine-learning><data-science-model>","0","0"
"63628","1","Question","2019-11-22 23:37:59","2","13","<machine-learning><anomaly-detection>","1",""
"63637","1","Question","2019-11-23 10:40:09","2","35","<classification><text-mining><naive-bayes-classifier><classifier>","1",""
"63639","1","Question","2019-11-23 12:39:49","2","4278","<python>","3",""
"63644","1","Question","2019-11-23 15:11:14","0","174","<scikit-learn><feature-selection><sequential-pattern-mining>","1",""
"63647","1","Question","2019-11-23 16:51:22","0","207","<machine-learning>","2",""
"63648","1","Question","2019-11-23 17:00:42","1","29","<machine-learning><r><prediction><unsupervised-learning><rstudio>","0",""
"63650","1","Question","2019-11-23 18:36:14","2","58","<python><statistics><numpy><scipy>","0",""
"63651","1","Question","2019-11-23 19:25:54","0","17","<machine-learning><optimization>","1",""
"63652","1","Question","2019-11-23 20:55:06","0","2238","<python><pandas><dataframe>","2",""
"63656","1","Question","2019-11-23 23:58:37","1","96","<pytorch><gan>","0",""
"63657","1","Question","2019-11-24 00:39:44","1","27","<class-imbalance><weighted-data>","1",""
"63658","1","Question","2019-11-24 00:47:29","0","89","<categorical-data><encoding>","2",""
"63667","1","Question","2019-11-24 05:11:41","2","2068","<python><recommender-system><ndcg>","1",""
"63672","1","Question","2019-11-24 07:25:19","0","990","<classification><data-mining><weka>","1",""
"63676","1","Question","2019-11-24 09:34:10","0","16","<machine-learning><dataset><image-recognition>","1",""
"63678","1","Question","2019-11-24 09:57:55","2","99","<clustering><feature-engineering>","3",""
"63680","1","Question","2019-11-24 10:38:21","0","1396","<machine-learning><encoding><one-shot-learning>","2",""
"63682","1","Question","2019-11-24 11:16:43","0","34","<pandas><numpy>","0",""
"63683","1","Question","2019-11-24 12:09:22","0","19","<deep-learning><tensorflow><cosine-distance>","1",""
"63684","1","Question","2019-11-24 12:44:31","1","32","<matlab><genetic-algorithms><convergence><genetic-programming>","1",""
"63687","1","Question","2019-11-24 15:38:18","-1","480","<python><pandas><association-rules>","1","0"
"51206","1","Question","2019-05-01 02:24:20","2","30","<machine-learning><nlp><text-mining><ipython>","0",""
"51214","1","Question","2019-05-01 10:13:13","2","127","<machine-learning><classification><machine-learning-model><pca>","1",""
"51215","1","Question","2019-05-01 10:54:25","2","1226","<random-forest><decision-trees>","2","1"
"51221","1","Question","2019-05-01 12:14:18","0","172","<neural-network><lstm><rnn><nlp><sentiment-analysis>","1",""
"51222","1","Question","2019-05-01 12:19:07","0","136","<supervised-learning><feature-scaling>","1",""
"51224","1","Question","2019-05-01 12:55:31","0","2260","<scikit-learn><tfidf>","1",""
"51230","1","Question","2019-05-01 15:35:48","0","52","<machine-learning><scikit-learn><time-series><predictive-modeling>","1",""
"51231","1","Question","2019-05-01 15:35:57","2","636","<keras><tensorflow><training><inception><colab>","3",""
"51236","1","Question","2019-05-01 17:00:52","0","794","<machine-learning><python><scikit-learn><training>","3","1"
"51242","1","Question","2019-05-01 19:04:18","1","153","<python><classification><svm><tfidf><classifier>","0",""
"51243","1","Question","2019-05-01 19:23:28","1","43","<optimization><sequence>","0",""
"51245","1","Question","2019-05-01 20:48:29","3","30","<bigdata>","1",""
"51246","1","Question","2019-05-01 21:22:37","1","81","<keras><cnn><rnn><implementation>","1",""
"51249","1","Question","2019-05-01 23:50:00","3","4973","<keras><bigdata><training>","2","2"
"51259","1","Question","2019-05-02 08:03:25","1","54","<machine-learning><neural-network><prediction><orange>","0",""
"51261","1","Question","2019-05-02 08:35:25","0","180","<machine-learning><data-mining><semi-supervised-learning><active-learning>","1",""
"51264","1","Question","2019-05-02 09:41:53","1","2583","<machine-learning><python><classification><keras><lstm>","1","1"
"51266","1","Question","2019-05-02 10:48:55","0","71","<machine-learning><visualization><anomaly-detection><outlier>","2",""
"51270","1","Question","2019-05-02 12:12:56","2","32","<dataset><fuzzy-logic>","0",""
"51275","1","Question","2019-05-02 12:55:47","1","97","<machine-learning>","1","0"
"51276","1","Question","2019-05-02 13:14:06","5","3822","<machine-learning><neural-network><deep-learning><pytorch><gan>","2","1"
"51279","1","Question","2019-05-02 13:59:15","0","343","<deep-learning><pytorch><bert>","1",""
"51280","1","Question","2019-05-02 14:30:07","6","10511","<neural-network><deep-learning><keras><image-classification><transfer-learning>","2","2"
"51286","1","Question","2019-05-02 17:25:07","4","1196","<python><keras><tensorflow>","1","1"
"51287","1","Question","2019-05-02 17:52:31","0","56","<neural-network><homework>","2",""
"51295","1","Question","2019-05-02 21:08:26","0","410","<python><pandas><dummy-variables>","1",""
"51296","1","Question","2019-05-02 21:08:31","2","3454","<python><keras><tensorflow><autoencoder><sequence-to-sequence>","1",""
"51297","1","Question","2019-05-02 21:39:11","0","140","<regression><predictive-modeling><data-science-model>","2","1"
"51298","1","Question","2019-05-02 21:45:11","0","16","<bigdata><apache-hadoop>","1",""
"51302","1","Question","2019-05-03 00:25:45","0","49","<classification><linear-regression><optimization>","1",""
"51306","1","Question","2019-05-03 01:49:01","2","41","<machine-learning><svm>","1",""
"51311","1","Question","2019-05-03 07:03:51","1","272","<beginner>","2",""
"51312","1","Question","2019-05-03 07:15:12","3","90","<scikit-learn><cross-validation><machine-learning-model>","1",""
"51316","1","Question","2019-05-03 09:52:26","1","16","<hardware>","0",""
"51317","1","Question","2019-05-03 09:57:29","6","515","<neural-network><scikit-learn><preprocessing><feature-scaling>","2","2"
"51318","1","Question","2019-05-03 11:57:10","1","4088","<deep-learning><keras><image-classification><transfer-learning><inception>","1","3"
"51319","1","Question","2019-05-03 12:03:58","2","2124","<keras><regression><lstm><accuracy>","2",""
"51323","1","Question","2019-05-03 12:34:59","1","682","<machine-learning><python><scikit-learn><metric>","2",""
"51324","1","Question","2019-05-03 12:43:40","-1","197","<clustering><decision-trees><k-means>","2",""
"51325","1","Question","2019-05-03 13:33:27","2","373","<linear-regression><pytorch>","1","4"
"51330","1","Question","2019-05-03 16:54:01","1","76","<naive-bayes-classifier><bayesian-networks>","1",""
"51331","1","Question","2019-05-03 17:08:22","0","33","<machine-learning><r><predictive-modeling>","1",""
"51335","1","Question","2019-05-03 17:52:32","0","72","<logistic-regression><prediction><correlation>","1",""
"51345","1","Question","2019-05-03 20:48:37","1","448","<neural-network><keras><loss-function>","0",""
"51346","1","Question","2019-05-03 22:00:19","0","171","<python><xgboost>","1",""
"51348","1","Question","2019-05-03 22:42:39","8","4488","<machine-learning><python><dataset><data-cleaning><randomized-algorithms>","3","7"
"51351","1","Question","2019-05-04 01:42:58","1","355","<orange><orange3>","1",""
"51352","1","Question","2019-05-04 01:45:45","2","80","<visualization>","2","1"
"51354","1","Question","2019-05-04 04:26:38","2","166","<keras><cnn><mnist>","2",""
"51357","1","Question","2019-05-04 05:27:36","1","257","<data-mining><similarity>","0","1"
"51358","1","Question","2019-05-04 05:39:37","0","903","<statistics><correlation>","5","1"
"51367","1","Question","2019-05-04 08:19:54","1","92","<machine-learning><deep-learning><nlp>","1",""
"51368","1","Question","2019-05-04 08:25:21","4","202","<keras><cnn><image-classification><transfer-learning><bayesian-networks>","1","1"
"51371","1","Question","2019-05-04 09:09:16","2","314","<reinforcement-learning><beginner><q-learning>","1",""
"51375","1","Question","2019-05-04 10:23:13","8","3497","<machine-learning><python><pandas><numpy><image-preprocessing>","4","3"
"63692","1","Question","2019-11-24 18:58:42","1","77","<multiclass-classification><multilabel-classification><accuracy>","2",""
"63695","1","Question","2019-11-24 20:27:31","1","2312","<clustering><outlier>","2",""
"63697","1","Question","2019-11-24 20:39:54","2","1133","<clustering><k-means>","1",""
"63699","1","Question","2019-11-24 22:06:38","2","348","<python><classification><cnn><svm>","4","1"
"63705","1","Question","2019-11-25 00:42:20","1","227","<machine-learning><deep-learning><reinforcement-learning><implementation><actor-critic>","0",""
"63715","1","Question","2019-11-25 07:12:54","0","157","<classification><data-mining><weka>","0",""
"63717","1","Question","2019-11-25 07:53:39","0","918","<cross-validation><feature-scaling>","2",""
"63718","1","Question","2019-11-25 08:18:49","-1","28","<bigdata><twitter>","1",""
"63721","1","Question","2019-11-25 09:26:47","-1","449","<machine-learning><dataset><supervised-learning><finance>","2",""
"63722","1","Question","2019-11-25 09:27:34","0","141","<machine-learning><deep-learning><cnn>","2",""
"63731","1","Question","2019-11-25 11:29:15","1","71","<classification><nlp><transfer-learning><language-model>","1",""
"63733","1","Question","2019-11-25 12:19:12","0","346","<machine-learning><class-imbalance><descriptive-statistics>","4",""
"63738","1","Question","2019-11-25 13:01:54","1","1101","<tensorflow><pytorch><reference-request>","1",""
"63743","1","Question","2019-11-25 14:32:21","1","54","<dataset><rnn><normalization><feature-scaling>","1",""
"63746","1","Question","2019-11-25 15:13:00","4","711","<machine-learning><deep-learning><nlp><word-embeddings><bert>","1","2"
"63748","1","Question","2019-11-25 15:34:09","3","59","<clustering><unsupervised-learning>","1",""
"63749","1","Question","2019-11-25 15:36:36","12","957","<machine-learning><feature-engineering><categorical-data><encoding>","1","2"
"63758","1","Question","2019-11-25 22:07:16","0","2096","<tensorflow>","1",""
"63761","1","Question","2019-11-25 23:50:31","2","363","<text><ranking><tfidf>","1","1"
"63762","1","Question","2019-11-26 00:42:54","4","1109","<machine-learning><python><xgboost><data-science-model><ensemble-modeling>","2","3"
"63763","1","Question","2019-11-26 01:11:54","1","18","<neural-network><nlp>","0",""
"63765","1","Question","2019-11-26 02:19:14","0","1000","<machine-learning><python><pytorch>","1",""
"63769","1","Question","2019-11-26 06:34:57","2","37","<machine-learning><neural-network><linear-algebra>","1",""
"63776","1","Question","2019-11-26 08:23:06","0","49","<python><etl>","0",""
"63781","1","Question","2019-11-26 09:57:12","1","39","<keras><lstm><rnn><sequence-to-sequence>","0",""
"63785","1","Question","2019-11-26 10:21:56","2","465","<machine-learning><data><preprocessing><data-science-model><dummy-variables>","3",""
"63786","1","Question","2019-11-26 10:26:13","1","42","<reinforcement-learning><ai><actor-critic><keras-rl><discounted-reward>","1",""
"63787","1","Question","2019-11-26 10:30:11","3","809","<word-embeddings><databases><bert><semantic-similarity>","3","2"
"63788","1","Question","2019-11-26 10:41:41","2","309","<python><time-series><regression><implementation>","1",""
"63790","1","Question","2019-11-26 11:51:39","1","82","<nlp><named-entity-recognition>","1",""
"63802","1","Question","2019-11-26 14:39:08","0","24","<deep-learning><keras><reinforcement-learning>","0",""
"63805","1","Question","2019-11-26 15:10:03","1","18","<deep-learning><classification><optimization><loss-function><probability>","0","2"
"63806","1","Question","2019-11-26 15:20:27","0","35","<statistics><feature-selection><distribution>","1",""
"51388","1","Question","2019-05-04 15:24:53","5","43","<dataset><sql>","1",""
"51397","1","Question","2019-05-04 19:09:29","3","254","<python><scikit-learn><mlp><randomized-algorithms>","1",""
"51399","1","Question","2019-05-04 19:32:14","0","40","<machine-learning><python><neural-network><keras><tensorflow>","1",""
"51402","1","Question","2019-05-04 21:40:19","2","25","<reinforcement-learning><q-learning>","1",""
"51404","1","Question","2019-05-04 23:29:32","10","16903","<python><nlp><word2vec><gensim>","3","3"
"51406","1","Question","2019-05-05 00:29:50","0","101","<machine-learning><classification><machine-learning-model><class-imbalance><imbalanced-learn>","2","1"
"51408","1","Question","2019-05-05 04:55:11","0","16","<scikit-learn><clustering>","1",""
"51409","1","Question","2019-05-05 05:42:44","0","71","<r><predictive-modeling><statistics><forecasting><data-analysis>","1",""
"51419","1","Question","2019-05-05 08:23:38","2","53","<machine-learning><python><machine-learning-model>","1",""
"51421","1","Question","2019-05-05 09:14:38","0","50","<machine-learning><python><random-forest>","0",""
"51422","1","Question","2019-05-05 09:21:05","0","102","<machine-learning><svm>","1",""
"51425","1","Question","2019-05-05 11:40:53","1","28","<machine-learning><neural-network><linear-regression>","1","0"
"51429","1","Question","2019-05-05 12:24:56","2","1687","<python><deep-learning><keras><cnn><computer-vision>","1",""
"51430","1","Question","2019-05-05 12:34:36","1","89","<deep-learning><reinforcement-learning><loss-function><q-learning>","0",""
"51431","1","Question","2019-05-05 12:46:04","1","151","<machine-learning><neural-network><deep-learning><hardware>","1",""
"51436","1","Question","2019-05-05 13:40:51","0","4206","<python><statistics><probability><scipy>","2",""
"51443","1","Question","2019-05-05 17:18:03","1","99","<keras><machine-learning-model>","1",""
"51444","1","Question","2019-05-05 17:39:44","3","104","<scikit-learn><transformer>","2",""
"51450","1","Question","2019-05-05 18:20:00","1","334","<time-series><lstm><rnn><forecasting>","0","1"
"51451","1","Question","2019-05-05 18:29:18","2","91","<time-series><data><data-wrangling>","1","1"
"51452","1","Question","2019-05-05 19:59:19","1","607","<python><convolution><pytorch>","2",""
"51453","1","Question","2019-05-05 22:37:07","1","420","<svm><hinge-loss>","1",""
"51456","1","Question","2019-05-06 01:11:01","2","208","<classification><lstm><feature-selection><feature-extraction><machine-learning-model>","1","1"
"51457","1","Question","2019-05-06 01:12:08","1","121","<python>","1",""
"51463","1","Question","2019-05-06 05:02:52","0","231","<numpy>","1",""
"51467","1","Question","2019-05-06 06:51:03","-2","296","<deep-learning><keras><multilabel-classification><labels>","2",""
"51468","1","Question","2019-05-06 06:53:07","5","983","<machine-learning><neural-network><deep-learning><keras><prediction>","3","4"
"51470","1","Question","2019-05-06 06:59:50","14","7325","<machine-learning><neural-network><deep-learning><keras><cnn>","2","6"
"51473","1","Question","2019-05-06 07:13:52","1","42","<machine-learning><linear-regression><evaluation><cost-function>","1",""
"51482","1","Question","2019-05-06 09:02:09","1","511","<tensorflow><rnn>","1",""
"51489","1","Question","2019-05-06 10:32:58","0","217","<machine-learning><keras><computer-vision><gan>","1",""
"51490","1","Question","2019-05-06 11:11:49","0","40","<machine-learning><machine-learning-model><prediction><azure-ml>","1",""
"51491","1","Question","2019-05-06 11:47:47","1","23","<machine-learning><neural-network><deep-learning><predictive-modeling><matlab>","0",""
"55597","1","Question","2019-07-13 03:23:16","0","109","<data><logistic-regression>","2",""
"55598","1","Question","2019-07-13 03:29:45","0","476","<machine-learning><python><pandas><data-science-model><dataframe>","1",""
"55605","1","Question","2019-07-13 05:19:34","0","50","<reinforcement-learning><policy-gradients>","0",""
"55609","1","Question","2019-07-13 08:32:56","0","33","<neural-network><activation-function><deep-learning>","1",""
"55611","1","Question","2019-07-13 09:14:18","2","71","<machine-learning><python><scikit-learn><recommender-system><k-nn>","1",""
"55613","1","Question","2019-07-13 13:19:06","1","153","<neural-network><regression><gradient-descent><activation-function><parameter>","1",""
"55616","1","Question","2019-07-13 14:58:06","1","54","<machine-learning><statistics>","1",""
"55618","1","Question","2019-07-13 17:12:30","2","614","<nlp><pytorch><spacy><allennlp>","1",""
"55619","1","Question","2019-07-13 17:40:07","0","92","<nlp>","1",""
"55625","1","Question","2019-07-13 22:18:30","0","75","<linear-regression><mse>","1",""
"55633","1","Question","2019-07-14 08:00:34","1","757","<machine-learning><classification><machine-learning-model><mlp><error-handling>","1","0"
"55635","1","Question","2019-07-14 08:49:07","1","21","<python><time-series>","0","1"
"55637","1","Question","2019-07-14 10:48:18","2","66","<predictive-modeling><linear-regression><lasso>","0","0"
"55638","1","Question","2019-07-14 11:40:40","0","99","<python><pandas><linear-regression>","2","1"
"55639","1","Question","2019-07-14 11:45:43","1","34","<machine-learning><dataset><machine-learning-model>","0",""
"55640","1","Question","2019-07-14 12:48:14","1","253","<python>","0",""
"55645","1","Question","2019-07-14 14:05:51","0","144","<python><logistic-regression>","0","1"
"55646","1","Question","2019-07-14 14:06:13","0","29","<machine-learning><multiclass-classification><loss-function><metric>","0",""
"55647","1","Question","2019-07-14 14:37:51","8","1052","<machine-learning><neural-network><deep-learning><machine-translation>","1","1"
"55648","1","Question","2019-07-14 14:43:53","3","1837","<machine-learning><python><feature-engineering><dimensionality-reduction><kaggle>","1","3"
"55649","1","Question","2019-07-14 16:25:55","1","90","<machine-learning><mathematics><deep-learning>","2",""
"55654","1","Question","2019-07-14 19:00:57","1","665","<python><classification><scikit-learn><regression><decision-trees>","2","1"
"55656","1","Question","2019-07-14 19:33:16","4","1526","<linear-regression><gradient-descent><supervised-learning>","2","4"
"55657","1","Question","2019-07-14 20:05:46","2","262","<pca><kernel>","2",""
"55663","1","Question","2019-07-15 01:11:00","0","170","<feature-engineering><feature-construction><features>","0",""
"55664","1","Question","2019-07-15 01:53:50","2","121","<machine-learning><neural-network><deep-learning><cost-function>","2",""
"55669","1","Question","2019-07-15 05:07:57","0","36","<machine-learning><regression><random-forest><xgboost><bias>","0",""
"55670","1","Question","2019-07-15 05:16:06","1","424","<machine-learning><feature-selection><categorical-data>","1",""
"55672","1","Question","2019-07-15 05:26:11","0","260","<machine-learning><supervised-learning>","1","1"
"55675","1","Question","2019-07-15 06:53:52","2","134","<neural-network><deep-learning><cnn><rnn>","1","3"
"55676","1","Question","2019-07-15 07:42:18","0","22","<machine-learning><algorithms>","0",""
"55680","1","Question","2019-07-15 09:24:53","0","42","<neural-network><classification>","1",""
"55686","1","Question","2019-07-15 10:11:23","1","96","<machine-learning><classification><categorical-data>","1",""
"55688","1","Question","2019-07-15 10:18:22","0","28","<machine-learning><deep-learning><encoding>","0","1"
"55694","1","Question","2019-07-15 12:48:51","1","314","<time-series><matplotlib>","0",""
"55699","1","Question","2019-07-15 14:19:18","1","102","<machine-learning><python><regression><feature-selection><logistic-regression>","2","1"
"55706","1","Question","2019-07-15 16:06:29","1","377","<dataset><lstm><training><forecasting>","1","0"
"55716","1","Question","2019-07-15 18:37:23","0","78","<machine-learning><time-series><k-nn><markov-process>","2",""
"55721","1","Question","2019-07-15 19:41:52","2","36","<excel>","1",""
"55731","1","Question","2019-07-15 22:36:45","0","30","<machine-learning><sentiment-analysis><transfer-learning><semi-supervised-learning>","0","2"
"55737","1","Question","2019-07-16 02:05:00","0","1823","<python><keras><cnn><object-detection>","1",""
"55745","1","Question","2019-07-16 04:41:11","0","659","<deep-learning><multiclass-classification><pytorch>","1",""
"55748","1","Question","2019-07-16 06:47:09","0","33","<machine-learning><deep-learning>","1",""
"55749","1","Question","2019-07-16 06:49:44","1","48","<deep-learning><tensorflow><multilabel-classification>","0",""
"55750","1","Question","2019-07-16 06:54:12","1","254","<nlp><stanford-nlp>","1",""
"55752","1","Question","2019-07-16 06:59:23","0","301","<deep-learning><classification><keras><lstm>","1",""
"55759","1","Question","2019-07-16 09:20:24","2","265","<machine-learning><deep-learning><computer-vision>","1",""
"55761","1","Question","2019-07-16 09:41:58","0","41","<pandas><anomaly-detection>","1",""
"55763","1","Question","2019-07-16 10:16:58","1","35","<nlp><machine-translation>","1",""
"55765","1","Question","2019-07-16 10:28:19","0","47","<machine-learning><deep-learning><image-classification>","1","1"
"55767","1","Question","2019-07-16 10:43:27","1","426","<machine-learning><neural-network><keras><evaluation><metric>","0","1"
"55768","1","Question","2019-07-16 11:23:46","0","25","<convolution>","1",""
"55769","1","Question","2019-07-16 11:24:11","1","58","<machine-learning><multiclass-classification><loss-function>","1",""
"55771","1","Question","2019-07-16 12:28:49","0","2346","<pandas><data-cleaning>","1",""
"55774","1","Question","2019-07-16 12:51:01","1","216","<neural-network><deep-learning><classification><multi-output><interpretation>","2",""
"55777","1","Question","2019-07-16 13:30:23","1","5678","<tensorflow>","1",""
"55785","1","Question","2019-07-16 14:41:40","1","415","<q-learning>","1",""
"55793","1","Question","2019-07-16 17:45:03","1","4524","<machine-learning><python><scikit-learn><numpy>","1",""
"55795","1","Question","2019-07-16 19:03:17","2","2425","<machine-learning><deep-learning><scikit-learn>","1","2"
"55804","1","Question","2019-07-17 01:11:25","0","26","<predictive-modeling>","0",""
"55808","1","Question","2019-07-17 05:26:43","0","114","<python><pandas><dataframe>","2",""
"55811","1","Question","2019-07-17 05:49:50","2","3111","<python><pandas><csv><data-formats>","1","1"
"55816","1","Question","2019-07-17 07:14:02","0","98","<machine-learning><deep-learning><cnn><batch-normalization>","0",""
"55818","1","Question","2019-07-17 08:00:00","0","55","<machine-learning><r><feature-engineering><data-science-model><feature-map>","0",""
"55820","1","Question","2019-07-17 08:59:13","0","2497","<python><pandas>","1",""
"55821","1","Question","2019-07-17 09:29:07","3","52","<machine-learning><computer-vision><nlp>","4","1"
"55823","1","Question","2019-07-17 09:35:57","1","30","<deep-learning>","0","1"
"55826","1","Question","2019-07-17 11:09:26","0","80","<machine-learning><classification><class-imbalance>","2",""
"55828","1","Question","2019-07-17 11:45:42","1","809","<deep-learning>","1",""
"55829","1","Question","2019-07-17 11:51:26","0","40","<machine-learning><deep-learning><anomaly-detection>","1",""
"55830","1","Question","2019-07-17 11:55:42","0","1757","<machine-learning><python>","1",""
"55831","1","Question","2019-07-17 12:03:36","4","195","<machine-learning><regularization><lasso>","2",""
"55833","1","Question","2019-07-17 13:39:38","0","705","<machine-learning><keras><time-series><lstm><sequence>","0","1"
"55835","1","Question","2019-07-17 13:47:50","0","789","<machine-learning><nlp><word2vec><gensim>","1",""
"55838","1","Question","2019-07-17 13:56:09","1","665","<deep-learning><gan><transfer-learning><generative-models>","1",""
"55843","1","Question","2019-07-17 15:06:27","1","108","<machine-learning><text-mining>","1",""
"55850","1","Question","2019-07-17 15:53:35","1","1513","<scipy>","1","0"
"43363","1","Question","2019-01-01 03:53:02","0","36","<machine-learning><nlp>","1",""
"43366","1","Question","2019-01-01 06:02:07","3","63","<deep-learning><image-classification><convolutional-neural-network>","1","1"
"43367","1","Question","2019-01-01 06:16:26","0","27","<scikit-learn><tensorflow><scipy>","1",""
"43370","1","Question","2019-01-01 10:06:03","2","37","<classification>","0",""
"43374","1","Question","2019-01-01 13:18:02","3","39","<deep-learning><time-series><cnn><convolution>","1",""
"43375","1","Question","2019-01-01 13:24:28","3","263","<machine-learning><dataset><dimensionality-reduction>","1",""
"43376","1","Question","2019-01-01 14:19:59","4","2026","<machine-learning><python><xgboost>","1","1"
"43380","1","Question","2019-01-01 19:15:29","1","162","<python><neural-network><keras><tensorflow>","1",""
"43381","1","Question","2019-01-01 19:16:04","1","301","<machine-learning><homework>","0",""
"43385","1","Question","2019-01-01 23:12:57","0","44","<optimization><theory>","1",""
"43386","1","Question","2019-01-02 00:11:53","1","510","<machine-learning><sql><fuzzy-logic><evolutionary-algorithms>","1",""
"43393","1","Question","2019-01-02 09:20:02","1","24","<gaussian>","0",""
"43395","1","Question","2019-01-02 12:20:38","1","94","<classification><class-imbalance><audio-recognition>","1",""
"43396","1","Question","2019-01-02 12:54:11","1","34","<deep-learning><nlp><lstm><text-generation>","0",""
"43397","1","Question","2019-01-02 13:09:28","0","787","<neural-network><categorical-data>","2","2"
"43400","1","Question","2019-01-02 17:13:28","1","161","<predictive-modeling><labels>","0",""
"43401","1","Question","2019-01-02 17:41:42","2","93","<feature-selection><svm>","0",""
"43404","1","Question","2019-01-02 19:23:46","1","153","<feature-selection><random-forest><feature-engineering>","1",""
"43405","1","Question","2019-01-02 20:13:27","1","211","<machine-learning><neural-network><training><optimization>","1",""
"43408","1","Question","2019-01-02 23:15:37","0","140","<tensorflow><programming>","1",""
"43413","1","Question","2019-01-03 03:08:26","0","355","<nlp><embeddings><deep-learning>","1",""
"43416","1","Question","2019-01-03 07:04:56","1","1808","<lstm><feature-scaling>","1",""
"55855","1","Question","2019-07-17 18:10:46","0","324","<machine-learning><tensorflow>","1",""
"55856","1","Question","2019-07-17 18:33:59","0","118","<python><nlp><clustering><word-embeddings>","1",""
"55859","1","Question","2019-07-17 19:32:53","1","279","<deep-learning><keras><tensorflow>","2","2"
"55860","1","Question","2019-07-17 19:36:40","1","63","<beginner>","1","2"
"55862","1","Question","2019-07-17 20:17:56","0","20","<decision-trees>","1",""
"55869","1","Question","2019-07-17 21:51:57","1","44","<scikit-learn><random-forest>","0",""
"55876","1","Question","2019-07-17 23:40:17","2","90","<machine-learning><data-mining><text-mining><nlp>","0",""
"55877","1","Question","2019-07-17 23:57:25","0","61","<beginner><missing-data><definitions>","1",""
"55879","1","Question","2019-07-18 00:31:19","2","83","<data-cleaning><csv>","2",""
"55887","1","Question","2019-07-18 05:46:20","1","45","<machine-learning><deep-learning><tensorflow><data-science-model>","0","1"
"55888","1","Question","2019-07-18 06:10:56","-1","72","<machine-learning><python><scala>","1",""
"55892","1","Question","2019-07-18 06:53:51","1","116","<nlp><machine-translation>","1",""
"55894","1","Question","2019-07-18 07:23:45","0","20","<machine-learning><deep-learning><activation-function><perceptron>","0",""
"55896","1","Question","2019-07-18 07:42:15","5","5074","<machine-learning><nlp><spacy>","1",""
"55897","1","Question","2019-07-18 07:44:14","0","49","<machine-learning><time-series><linear-regression>","1",""
"55901","1","Question","2019-07-18 08:34:46","12","1801","<nlp><encoding><transformer><attention-mechanism>","4","4"
"55902","1","Question","2019-07-18 08:36:01","5","6810","<machine-learning><python><classification><xgboost>","2",""
"55907","1","Question","2019-07-18 09:21:08","4","1175","<python><image-classification><pytorch>","2","1"
"55909","1","Question","2019-07-18 09:31:10","0","77","<deep-learning>","2",""
"55916","1","Question","2019-07-18 12:07:09","1","491","<python><pandas><dataframe><text>","1",""
"55919","1","Question","2019-07-18 13:33:17","0","275","<neural-network><feature-engineering><feature-scaling>","0","1"
"55920","1","Question","2019-07-18 13:40:37","-1","54","<machine-learning><clustering>","1",""
"55923","1","Question","2019-07-18 14:19:53","-1","37","<machine-learning><linear-regression><linear-algebra>","1",""
"55924","1","Question","2019-07-18 14:20:55","0","63","<labels><binary><deep-learning>","1",""
"55928","1","Question","2019-07-18 14:42:28","2","109","<python><scikit-learn><categorical-data><encoding>","1","1"
"55931","1","Question","2019-07-18 15:07:00","1","48","<tensorflow>","1",""
"55933","1","Question","2019-07-18 15:10:00","1","43","<python><bigdata>","0",""
"55935","1","Question","2019-07-18 15:35:56","1","244","<classification><data-science-model><weka>","1",""
"55948","1","Question","2019-07-18 18:19:11","0","110","<python><feature-selection><multiclass-classification><supervised-learning>","1",""
"55949","1","Question","2019-07-18 18:41:09","1","177","<machine-learning>","2","1"
"55950","1","Question","2019-07-18 18:59:27","0","941","<dataset><data><excel>","1",""
"55953","1","Question","2019-07-18 19:16:55","1","18","<neural-network><dataset><data><generalization>","0",""
"55955","1","Question","2019-07-18 19:48:56","0","67","<neural-network>","1",""
"55958","1","Question","2019-07-18 21:25:46","1","9","<machine-learning><deep-learning><classification><data-mining>","0",""
"55960","1","Question","2019-07-18 21:43:46","1","19","<python><deep-learning><keras><time-series><lstm>","0","1"
"55961","1","Question","2019-07-18 21:48:37","0","53","<python><dataset><pandas><dataframe>","1","1"
"55962","1","Question","2019-07-18 21:56:56","3","3095","<neural-network><loss-function><probability><pytorch><softmax>","1","1"
"55963","1","Question","2019-07-18 21:57:44","2","4750","<python><deep-learning><keras><cnn><image-classification>","3","1"
"43422","1","Question","2019-01-03 10:06:09","0","75","<machine-learning><data><churn>","1","1"
"43423","1","Question","2019-01-03 10:10:07","1","49","<machine-learning><predictive-modeling><accuracy>","1",""
"43425","1","Question","2019-01-03 10:34:20","1","164","<python><pandas>","1",""
"43433","1","Question","2019-01-03 15:16:26","0","335","<r><bigdata><data><data-cleaning>","1",""
"43436","1","Question","2019-01-03 15:51:14","1","812","<machine-learning><python><multiclass-classification>","2",""
"43438","1","Question","2019-01-03 16:32:26","2","208","<machine-learning><scikit-learn><predictive-modeling><overfitting>","0",""
"43439","1","Question","2019-01-03 16:56:31","0","3543","<machine-learning><python><pandas><dataframe>","2",""
"43444","1","Question","2019-01-03 17:55:45","3","1096","<feature-selection><decision-trees><feature-engineering><feature-construction>","3",""
"43447","1","Question","2019-01-03 19:10:53","2","843","<word2vec><activation-function>","2",""
"43450","1","Question","2019-01-03 20:30:12","5","208","<machine-learning><python><cost-function>","2","5"
"43451","1","Question","2019-01-03 21:07:05","2","551","<pytorch><gpu><google><colab>","0",""
"43455","1","Question","2019-01-03 22:42:20","0","210","<orange><orange3>","1",""
"43456","1","Question","2019-01-03 23:07:56","0","427","<statistics><tsne>","1","1"
"43457","1","Question","2019-01-03 23:56:47","3","1796","<machine-learning><keras><tensorflow><time-series><cnn>","2",""
"43459","1","Question","2019-01-04 00:06:38","0","591","<convolutional-neural-network>","1",""
"43461","1","Question","2019-01-04 00:42:42","1","162","<machine-learning><time-series><feature-engineering><data-leakage>","1",""
"43463","1","Question","2019-01-04 06:03:52","3","1613","<machine-learning><deep-learning><keras><cnn><image-classification>","1",""
"43465","1","Question","2019-01-04 06:56:12","0","297","<neural-network><deep-learning><nlp><dataset>","1",""
"43467","1","Question","2019-01-04 07:15:05","1","79","<neural-network><logistic-regression><rnn><sequential-pattern-mining><mini-batch-gradient-descent>","0",""
"43469","1","Question","2019-01-04 09:30:33","2","99","<machine-learning><r>","1",""
"43471","1","Question","2019-01-04 10:26:10","6","535","<neural-network><classification><overfitting>","3","1"
"43479","1","Question","2019-01-04 12:41:36","2","3862","<machine-learning><deep-learning><keras>","2",""
"43483","1","Question","2019-01-04 13:43:48","2","144","<data-mining><statistics><probability><data-science-model><data-analysis>","2",""
"43485","1","Question","2019-01-04 14:02:00","0","696","<machine-learning><decision-trees><feature-extraction>","1",""
"43493","1","Question","2019-01-04 17:54:25","2","332","<python><neural-network><visualization><jupyter><ipython>","1",""
"43494","1","Question","2019-01-04 18:31:33","1","133","<feature-selection><unsupervised-learning><pca>","0",""
"43497","1","Question","2019-01-04 20:39:46","2","186","<machine-learning><recommender-system><regularization><matrix-factorisation>","0",""
"43500","1","Question","2019-01-05 00:05:43","0","1280","<machine-learning><neural-network><regularization>","1",""
"43502","1","Question","2019-01-05 01:04:35","2","27","<r>","1",""
"43506","1","Question","2019-01-04 18:22:50","2","443","<neural-network>","2",""
"43512","1","Question","2019-01-05 10:22:34","2","736","<keras><tensorflow><rnn><training><gan>","0","1"
"43513","1","Question","2019-01-05 11:08:33","1","1036","<python><scikit-learn><cross-validation><machine-learning-model>","1",""
"43514","1","Question","2019-01-05 11:14:38","3","911","<feature-extraction><feature-engineering>","3",""
"43517","1","Question","2019-01-05 13:16:19","0","80","<neural-network><regression><rnn><pytorch>","1",""
"55969","1","Question","2019-07-19 02:11:00","1","55","<feature-selection><feature-engineering><correlation><matlab>","1","2"
"55972","1","Question","2019-07-19 04:37:08","0","28","<neural-network><gan><generative-models>","1",""
"55980","1","Question","2019-07-19 08:05:35","1","63","<python><keras><time-series><lstm><forecasting>","0",""
"55982","1","Question","2019-07-19 08:11:19","0","4362","<machine-learning><python><pandas><lstm>","0",""
"55984","1","Question","2019-07-19 08:34:35","7","145","<machine-learning><evaluation><explainable-ai>","1","4"
"55988","1","Question","2019-07-19 09:35:44","0","1398","<machine-learning><python><scikit-learn><feature-selection><random-forest>","1",""
"55990","1","Question","2019-07-19 09:53:13","1","28","<neural-network><regression><pytorch>","1",""
"55991","1","Question","2019-07-19 10:10:22","16","10661","<machine-learning><deep-learning><training>","5","5"
"55994","1","Question","2019-07-19 10:55:04","0","414","<machine-learning><deep-learning><tensorflow><object-detection><faster-rcnn>","1",""
"56000","1","Question","2019-07-19 12:35:37","1","398","<tensorflow>","0",""
"56002","1","Question","2019-07-19 13:47:30","1","20","<computer-vision><convolution><faster-rcnn>","1",""
"56003","1","Question","2019-07-19 13:54:29","0","224","<machine-learning><python><time-series><prediction>","1",""
"56006","1","Question","2019-07-19 14:09:49","0","16","<dataset><regression><statistics><data><bigdata>","1",""
"56012","1","Question","2019-07-19 14:29:01","2","88","<machine-learning><explainable-ai>","2","1"
"56013","1","Question","2019-07-19 14:30:16","1","1827","<machine-learning><python><scikit-learn><decision-trees>","2","1"
"56014","1","Question","2019-07-19 14:31:04","0","1486","<machine-learning><nlp><spacy>","1",""
"56016","1","Question","2019-07-19 14:52:35","1","113","<python><data><data-analysis><interpolation>","0",""
"56017","1","Question","2019-07-19 14:58:50","-1","34","<data>","1",""
"56021","1","Question","2019-07-19 16:35:33","1","127","<keras><gpu>","1",""
"56030","1","Question","2019-07-19 19:30:16","1","232","<machine-learning><classification><data><class-imbalance>","0",""
"56033","1","Question","2019-07-19 19:38:11","0","49","<classification><nlp><dataset>","1",""
"56035","1","Question","2019-07-19 20:17:25","0","602","<machine-learning><python><xgboost><forecasting>","1",""
"56038","1","Question","2019-07-19 22:58:54","0","428","<neural-network><keras><tensorflow><cnn><gpu>","0",""
"56039","1","Question","2019-07-19 23:08:56","1","119","<neural-network><deep-learning><cnn><autoencoder><hyperparameter-tuning>","0",""
"56041","1","Question","2019-07-20 01:09:48","1","124","<machine-learning><gradient-descent><boosting>","0",""
"56045","1","Question","2019-07-20 02:25:11","0","21","<machine-learning><deep-learning><classification>","1",""
"56047","1","Question","2019-07-20 03:57:34","1","68","<classification><regression><predictive-modeling><markov>","2",""
"56049","1","Question","2019-07-20 06:07:21","0","77","<deep-learning><loss-function><backpropagation><softmax>","2",""
"56050","1","Question","2019-07-20 06:08:23","1","74","<logistic-regression><feature-engineering><feature-construction>","1","2"
"56053","1","Question","2019-07-20 08:06:54","6","1314","<python><deep-learning><reinforcement-learning><q-learning><openai-gym>","1","1"
"56054","1","Question","2019-07-20 08:58:49","1","43","<classification><data-mining>","0",""
"56056","1","Question","2019-07-20 09:41:33","0","37","<dataset><statistics><bigdata><data-science-model>","1",""
"56058","1","Question","2019-07-20 13:09:44","0","26","<machine-learning><boosting><ensemble>","1",""
"56062","1","Question","2019-07-20 15:40:58","0","61","<machine-learning><clustering><recommender-system><k-means>","3",""
"56066","1","Question","2019-07-20 17:11:32","0","39","<machine-learning><python><neural-network><autoencoder><image-preprocessing>","0",""
"56071","1","Question","2019-07-20 18:55:06","1","212","<machine-learning><nlp><word2vec>","2",""
"56077","1","Question","2019-07-20 22:03:38","1","97","<machine-learning><python><feature-selection><random-forest><kaggle>","1","1"
"43519","1","Question","2019-01-05 14:25:10","1","51","<neural-network><deep-learning><time-series><anomaly-detection>","0",""
"43524","1","Question","2019-01-05 15:18:23","4","6580","<machine-learning><python><reinforcement-learning>","1","4"
"43530","1","Question","2019-01-05 16:54:16","1","343","<machine-learning><data-mining><feature-selection><preprocessing><weka>","0",""
"43534","1","Question","2019-01-05 18:56:34","2","60","<machine-learning><data-mining><feature-engineering><weka>","1",""
"43538","1","Question","2019-01-05 21:40:44","1","36","<machine-learning><time-series><machine-learning-model>","0",""
"43539","1","Question","2019-01-05 22:19:33","0","152","<machine-learning><r><scikit-learn><sql><association-rules>","1",""
"43540","1","Question","2019-01-06 00:35:24","1","223","<machine-learning><numpy><backpropagation><implementation>","0",""
"43542","1","Question","2019-01-06 02:04:46","0","3599","<machine-learning><regression><random-forest><linear-regression>","1",""
"43549","1","Question","2019-01-06 07:52:27","2","4408","<nlp>","0",""
"43550","1","Question","2019-01-06 09:03:49","1","666","<error-handling>","1",""
"43553","1","Question","2019-01-06 10:19:18","2","298","<machine-learning><time-series><java>","0",""
"43557","1","Question","2019-01-06 11:39:46","1","201","<machine-learning><kernel>","1",""
"43561","1","Question","2019-01-06 13:44:58","0","27","<machine-learning><unsupervised-learning><pca><plotting>","0",""
"43565","1","Question","2019-01-06 14:09:21","1","121","<data-mining><text-mining><ranking>","0","0"
"43568","1","Question","2019-01-06 14:56:02","0","337","<classification><scikit-learn><normalization><audio-recognition>","2",""
"43569","1","Question","2019-01-06 15:27:22","1","2477","<time-series><lstm>","1","3"
"43570","1","Question","2019-01-06 07:57:13","0","26","<image-recognition>","1",""
"43577","1","Question","2019-01-06 18:36:41","0","45","<machine-learning>","1",""
"43590","1","Question","2019-01-06 20:52:34","0","3565","<machine-learning><data-science-model>","2","1"
"43592","1","Question","2019-01-06 21:45:23","0","1657","<reinforcement-learning><dqn>","1",""
"43595","1","Question","2019-01-06 23:34:25","2","351","<convolutional-neural-network><deep-learning>","1",""
"43602","1","Question","2019-01-07 06:58:10","1","474","<machine-learning><prediction><geospatial>","2","2"
"43603","1","Question","2019-01-07 07:06:13","2","110","<machine-learning><gradient-descent>","2",""
"43608","1","Question","2019-01-07 09:42:59","1","152","<dataset><predictive-modeling><feature-engineering><machine-learning-model>","2",""
"43609","1","Question","2019-01-07 10:12:53","0","373","<machine-learning><decision-trees><linear-regression>","1","1"
"43610","1","Question","2019-01-07 10:30:25","1","52","<machine-learning><python>","0","1"
"43619","1","Question","2019-01-07 13:14:03","1","306","<linear-regression>","1",""
"43621","1","Question","2019-01-07 13:43:30","1","145","<keras><tensorflow>","1",""
"43624","1","Question","2019-01-07 14:05:25","2","182","<python><r><matplotlib><ggplot2>","1",""
"43631","1","Question","2019-01-07 16:57:47","0","4798","<categorical-data><correlation>","2",""
"43633","1","Question","2019-01-07 17:13:10","1","35","<machine-learning><deep-learning><multiclass-classification><data-science-model><object-detection>","0","1"
"43635","1","Question","2019-01-07 19:02:57","2","311","<ocr>","0","1"
"43636","1","Question","2019-01-07 20:11:28","5","2151","<classification><keras><feature-engineering><encoding>","2",""
"56081","1","Question","2019-07-21 04:01:11","0","18","<machine-learning><deep-learning><statistics><metric><bayesian>","1",""
"56084","1","Question","2019-07-21 05:14:43","1","49","<dataset><feature-selection>","1",""
"56087","1","Question","2019-07-21 07:17:49","1","483","<neural-network><keras><cnn>","1",""
"56089","1","Question","2019-07-21 10:07:22","1","1156","<python>","1",""
"56090","1","Question","2019-07-21 10:15:05","3","911","<encoding>","3","1"
"56093","1","Question","2019-07-21 10:53:34","0","71","<python><clustering><geospatial>","1",""
"56094","1","Question","2019-07-21 11:35:52","2","3471","<scikit-learn><recommender-system><cosine-distance><movielens>","1",""
"56098","1","Question","2019-07-21 12:16:36","1","103","<machine-learning><boosting><ensemble-learning>","1","1"
"56101","1","Question","2019-07-21 12:39:44","0","132","<python><neural-network><scikit-learn><cross-validation><numpy>","1",""
"56108","1","Question","2019-07-21 15:18:58","2","92","<cross-validation>","2",""
"56109","1","Question","2019-07-21 15:40:41","0","59","<cross-validation><training>","2",""
"56110","1","Question","2019-07-21 15:41:25","1","2681","<deep-learning><keras><tensorflow><convolution><convolutional-neural-network>","1","1"
"56111","1","Question","2019-07-21 15:52:33","3","79","<machine-learning><python><scikit-learn><class-imbalance>","1","1"
"56112","1","Question","2019-07-21 15:53:27","1","35","<data-cleaning><feature-engineering>","1",""
"56116","1","Question","2019-07-21 17:42:25","1","771","<deep-learning><reinforcement-learning><q-learning>","1",""
"56126","1","Question","2019-07-21 21:56:34","2","244","<python><neural-network><keras><tensorflow><sequence-to-sequence>","0",""
"56129","1","Question","2019-07-22 00:37:37","1","61","<scikit-learn><learning-to-rank>","1",""
"56130","1","Question","2019-07-22 01:22:56","1","18","<autoencoder><gan><generative-models><markov>","0",""
"56135","1","Question","2019-07-22 06:24:00","1","34","<classification><statistics>","1","1"
"56136","1","Question","2019-07-22 07:13:53","0","729","<python><deep-learning><keras><lstm>","1",""
"56137","1","Question","2019-07-22 07:44:56","0","47","<feature-selection><feature-engineering><data-science-model>","1","1"
"56139","1","Question","2019-07-22 08:55:00","1","133","<machine-learning>","4","1"
"56142","1","Question","2019-07-22 09:31:57","1","521","<machine-learning><preprocessing>","2",""
"56144","1","Question","2019-07-22 09:54:45","1","36","<machine-learning><reinforcement-learning><q-learning><policy-gradients><actor-critic>","1",""
"56145","1","Question","2019-07-22 10:11:13","3","175","<neural-network><metric><machine-translation><transformer>","0",""
"56150","1","Question","2019-07-22 10:48:15","0","58","<classification><algorithms><supervised-learning>","2",""
"56152","1","Question","2019-07-22 12:01:53","3","243","<machine-learning><pandas><correlation>","1",""
"56153","1","Question","2019-07-22 12:08:52","1","34","<machine-learning><boosting><ensemble-learning>","1",""
"56154","1","Question","2019-07-22 13:11:25","2","312","<semi-supervised-learning>","0","1"
"56155","1","Question","2019-07-22 13:18:50","2","1546","<optimization><scipy>","1",""
"56156","1","Question","2019-07-22 13:35:10","0","419","<machine-learning><classification><nlp><spacy>","1","1"
"56163","1","Question","2019-07-22 14:24:54","13","452","<machine-learning><metric><distance><linear-algebra><mathematics>","1","2"
"56165","1","Question","2019-07-22 14:35:26","0","299","<machine-learning><nlp><data-analysis><cosine-distance>","1",""
"56167","1","Question","2019-07-22 14:44:54","3","51","<recommender-system>","0","1"
"56170","1","Question","2019-07-22 16:21:19","3","642","<multiclass-classification><multilabel-classification>","1",""
"56171","1","Question","2019-07-22 16:36:03","2","1888","<deep-learning><keras><tensorflow><cnn><convolutional-neural-network>","2","0"
"56178","1","Question","2019-07-22 18:01:31","5","482","<machine-learning><python><classification><dataset><xgboost>","2","2"
"56183","1","Question","2019-07-22 19:37:14","0","69","<python><neural-network>","0","2"
"56186","1","Question","2019-07-22 20:23:50","0","1015","<machine-learning><python><clustering><unsupervised-learning><feature-scaling>","1",""
"43643","1","Question","2019-01-08 01:21:29","1","1905","<deep-learning><evaluation>","1",""
"43648","1","Question","2019-01-08 06:15:31","0","313","<image-classification><computer-vision><object-detection><object-recognition><faster-rcnn>","1",""
"43658","1","Question","2019-01-08 08:47:27","2","635","<learning>","0",""
"43661","1","Question","2019-01-08 09:21:21","1","187","<machine-learning><regression><machine-learning-model><overfitting>","2",""
"43663","1","Question","2019-01-08 10:02:16","2","149","<clustering><feature-extraction>","2",""
"43665","1","Question","2019-01-08 11:08:29","1","117","<time-series>","1","1"
"43671","1","Question","2019-01-08 13:43:30","1","254","<machine-learning>","1",""
"43673","1","Question","2019-01-08 14:10:56","4","912","<svm>","1","2"
"43675","1","Question","2019-01-08 14:40:44","2","151","<pca><tsne>","0",""
"43676","1","Question","2019-01-08 14:43:36","1","41","<data-science-model><class-imbalance><smote>","0",""
"43677","1","Question","2019-01-08 14:53:50","0","62","<classification><sampling><binary>","1",""
"43679","1","Question","2019-01-08 15:15:33","1","48","<keras><churn>","1",""
"43682","1","Question","2019-01-08 16:31:02","2","885","<machine-learning><classification><feature-selection><decision-trees>","1","1"
"43689","1","Question","2019-01-08 21:51:06","3","119","<regression><feature-extraction><feature-engineering><kernel>","3",""
"43690","1","Question","2019-01-08 21:52:33","1","36","<cnn><cross-validation><training><loss-function>","0",""
"43691","1","Question","2019-01-08 22:01:37","0","47","<tensorflow><cnn><image-recognition>","1",""
"43693","1","Question","2019-01-08 22:33:55","0","823","<accuracy>","1",""
"43699","1","Question","2019-01-09 01:15:04","3","1807","<machine-learning><neural-network><deep-learning><tensorflow><pytorch>","2","1"
"43702","1","Question","2019-01-09 06:06:03","2","37","<keras><tensorflow><google-prediction-api>","1","1"
"43713","1","Question","2019-01-09 09:01:03","0","536","<clustering><dirichlet>","1",""
"43715","1","Question","2019-01-09 10:02:30","1","43","<neural-network><tensorflow>","1",""
"43717","1","Question","2019-01-09 10:42:31","1","69","<machine-learning><prediction><metric>","2","1"
"43721","1","Question","2019-01-09 13:17:54","1","2542","<keras><nlp><lda><tfidf>","1","1"
"43725","1","Question","2019-01-09 14:44:27","0","854","<machine-learning><deep-learning><classification><image-classification>","2",""
"43728","1","Question","2019-01-09 15:50:21","4","305","<machine-learning><supervised-learning><accuracy>","1",""
"43731","1","Question","2019-01-09 17:14:07","0","21","<machine-learning><neural-network><machine-learning-model>","1",""
"43733","1","Question","2019-01-09 17:43:20","1","34","<optimization><supervised-learning><forecast>","1",""
"43734","1","Question","2019-01-09 18:17:55","1","25","<data-mining><association-rules><market-basket-analysis>","0",""
"43735","1","Question","2019-01-09 18:54:25","4","117","<optimization><bayesian><hyperparameter-tuning>","2",""
"43739","1","Question","2019-01-09 19:38:07","2","84","<preprocessing><normalization>","1",""
"43740","1","Question","2019-01-09 19:40:00","0","100","<neural-network><keras><tensorflow><pytorch>","1",""
"43744","1","Question","2019-01-09 20:40:31","1","20","<machine-learning-model><representation>","0",""
"56193","1","Question","2019-07-23 01:09:44","0","576","<neural-network><deep-learning><optimization><gan><generative-models>","2",""
"56194","1","Question","2019-07-23 01:41:38","1","11","<python><preprocessing><nlp>","0",""
"56195","1","Question","2019-07-23 01:54:44","2","96","<machine-learning><deep-learning>","0","1"
"56196","1","Question","2019-07-23 03:11:39","1","1059","<keras><evaluation><gan><inception>","0","1"
"56197","1","Question","2019-07-23 03:24:59","2","47","<machine-learning><dataset><data><data-cleaning><feature-scaling>","1","1"
"56198","1","Question","2019-07-23 03:33:24","1","19","<machine-learning><python><nlp><nltk><topic-model>","0","1"
"56202","1","Question","2019-07-23 03:50:45","0","39","<python><neural-network><deep-learning><cnn><pytorch>","1",""
"56204","1","Question","2019-07-23 05:18:59","2","41","<nlp>","2",""
"56209","1","Question","2019-07-23 06:08:56","1","409","<machine-learning><statistics><data-cleaning><data-wrangling>","3",""
"56210","1","Question","2019-07-23 06:11:18","1","689","<neural-network><deep-learning><reinforcement-learning>","2","1"
"56215","1","Question","2019-07-23 07:09:00","2","1602","<neural-network><deep-learning>","2","1"
"56217","1","Question","2019-07-23 07:41:44","0","35","<deep-learning><time-series><hyperparameter-tuning>","1",""
"56221","1","Question","2019-07-23 08:23:05","1","12","<cnn><autoencoder>","0",""
"56226","1","Question","2019-07-23 10:08:15","1","255","<machine-learning><deep-learning><classification><nlp>","1",""
"56227","1","Question","2019-07-23 10:16:56","0","144","<neural-network><keras><regression>","1",""
"56230","1","Question","2019-07-23 11:02:46","1","39","<predictive-modeling><random-forest>","1",""
"56234","1","Question","2019-07-23 11:51:40","1","179","<clustering><unsupervised-learning>","3",""
"56238","1","Question","2019-07-23 12:47:48","0","478","<python><pandas>","1",""
"56240","1","Question","2019-07-23 13:04:28","4","79","<cnn><image-classification><supervised-learning><image-recognition>","1","2"
"56248","1","Question","2019-07-23 13:59:36","0","696","<neural-network><scikit-learn><accuracy><overfitting>","1","1"
"56250","1","Question","2019-07-23 14:29:08","4","5160","<scikit-learn><decision-trees><class-imbalance>","1","0"
"56252","1","Question","2019-07-23 14:45:23","1","142","<machine-learning><cnn><convolution>","1",""
"56256","1","Question","2019-07-23 15:56:37","0","26","<deep-learning><predictive-modeling><feature-selection><prediction>","1",""
"56262","1","Question","2019-07-23 18:37:26","1","327","<deep-learning><batch-normalization>","1",""
"56263","1","Question","2019-07-23 18:41:44","1","1384","<machine-learning><scikit-learn>","2",""
"56264","1","Question","2019-07-23 19:01:22","1","398","<machine-learning><python><keras><tensorflow>","2",""
"56267","1","Question","2019-07-23 19:23:59","1","235","<deep-learning><cnn><image-classification><unsupervised-learning>","2",""
"56270","1","Question","2019-07-23 19:44:32","1","24","<machine-learning><cross-validation>","0","1"
"56273","1","Question","2019-07-23 19:57:03","4","34","<convolution><convolutional-neural-network>","2","1"
"56275","1","Question","2019-07-23 20:17:40","1","21","<machine-learning><neural-network><numpy><rnn>","0",""
"56276","1","Question","2019-07-23 22:18:28","0","31","<machine-learning><classification><predictive-modeling><logistic-regression><machine-learning-model>","0",""
"56277","1","Question","2019-07-23 22:51:30","2","177","<machine-learning><svm>","2","2"
"56278","1","Question","2019-07-23 23:04:16","1","207","<dataset><statistics><graphs><descriptive-statistics><mathematics>","2",""
"56285","1","Question","2019-07-24 04:51:35","2","560","<machine-learning><xgboost><boosting>","2",""
"56289","1","Question","2019-07-24 06:50:57","1","120","<machine-learning><classification><regression><machine-learning-model>","2",""
"56296","1","Question","2019-07-24 09:25:06","0","87","<anomaly-detection>","2","0"
"56299","1","Question","2019-07-24 10:16:54","2","222","<machine-learning><cross-validation><prediction>","1","3"
"56303","1","Question","2019-07-24 12:27:32","1","102","<reinforcement-learning><openai-gym>","1",""
"56304","1","Question","2019-07-24 12:42:32","1","41","<reinforcement-learning><openai-gym>","1",""
"56307","1","Question","2019-07-24 13:09:38","1","407","<deep-learning><keras><word-embeddings><embeddings>","1",""
"56308","1","Question","2019-07-24 13:10:53","2","564","<reinforcement-learning>","1",""
"56315","1","Question","2019-07-24 14:33:09","0","22","<neural-network>","1",""
"56318","1","Question","2019-07-24 14:56:02","2","49","<machine-learning>","2",""
"43753","1","Question","2019-01-10 04:30:27","1","1092","<deep-learning><convolutional-neural-network>","1",""
"43756","1","Question","2019-01-10 05:57:03","1","2305","<deep-learning><tensorflow>","2",""
"43757","1","Question","2019-01-10 06:30:04","2","37","<machine-learning><predictive-modeling>","1",""
"43760","1","Question","2019-01-10 08:42:47","2","2275","<dataset><databases>","2","1"
"43764","1","Question","2019-01-10 09:23:31","1","300","<research><implementation><code>","1","1"
"43769","1","Question","2019-01-10 11:17:22","1","29","<cnn>","1",""
"43770","1","Question","2019-01-10 11:27:22","0","46","<machine-learning><unsupervised-learning><machine-learning-model>","1",""
"43771","1","Question","2019-01-10 12:03:47","4","825","<beginner><career>","4","2"
"43772","1","Question","2019-01-10 12:22:19","1","515","<machine-learning><preprocessing><encoding>","1",""
"43773","1","Question","2019-01-10 12:42:02","3","2910","<python><pandas><sql><data-wrangling><data-table>","2",""
"43779","1","Question","2019-01-10 15:37:48","0","257","<statistics>","1",""
"43784","1","Question","2019-01-10 16:28:05","2","133","<machine-learning><python><data-mining>","1",""
"43787","1","Question","2019-01-10 18:04:42","2","117","<machine-learning><neural-network><deep-learning><tensorflow><cnn>","1",""
"43793","1","Question","2019-01-10 19:39:25","2","5543","<scikit-learn><scoring><grid-search><gridsearchcv>","1",""
"43800","1","Question","2019-01-10 21:03:40","1","590","<pca><data-science-model>","1",""
"43801","1","Question","2019-01-10 21:18:29","3","1185","<python><keras><lstm><rnn>","1",""
"43802","1","Question","2019-01-10 22:03:05","3","1308","<neural-network><deep-learning><classification><binary>","2","1"
"43804","1","Question","2019-01-11 00:34:35","1","549","<machine-learning><random-forest><decision-trees><weka>","1",""
"43815","1","Question","2019-01-11 04:45:48","1","531","<nlp><svm><accuracy><naive-bayes-classifier>","1",""
"43821","1","Question","2019-01-11 07:41:01","0","99","<machine-learning><python><scikit-learn><machine-learning-model><overfitting>","1",""
"43822","1","Question","2019-01-11 08:01:19","0","2135","<visualization><data><seaborn>","1",""
"43826","1","Question","2019-01-11 08:36:44","1","283","<apache-spark><normalization><feature-scaling><scala>","1",""
"43829","1","Question","2019-01-11 09:26:50","1","21","<time-series><forecast><estimators>","0",""
"43831","1","Question","2019-01-11 10:18:10","0","105","<machine-learning><python>","2",""
"43834","1","Question","2019-01-11 10:51:46","2","144","<machine-learning><python><time-series><forecasting>","1","1"
"43835","1","Question","2019-01-11 10:59:43","0","98","<machine-learning><deep-learning><classification><nlp>","1","1"
"43839","1","Question","2019-01-11 12:10:09","0","50","<neural-network><deep-learning>","3",""
"43840","1","Question","2019-01-11 12:14:01","0","37","<neural-network><classification><convolution>","3",""
"43841","1","Question","2019-01-11 12:27:32","0","71","<classification><regression>","2",""
"43858","1","Question","2019-01-11 15:30:23","0","1795","<machine-learning><neural-network><classification><audio-recognition>","1",""
"43860","1","Question","2019-01-11 16:04:05","1","79","<neural-network><loss-function><binary>","1",""
"43862","1","Question","2019-01-11 18:23:05","3","64","<neural-network>","1","1"
"43863","1","Question","2019-01-11 18:28:26","3","32","<pca><matplotlib>","1","1"
"43865","1","Question","2019-01-11 19:12:28","0","29","<deep-learning>","1",""
"43870","1","Question","2019-01-11 21:17:47","0","1053","<r><dataframe>","2",""
"43873","1","Question","2019-01-11 22:16:55","0","28","<bigdata><preprocessing>","1",""
"43880","1","Question","2019-01-12 11:02:44","0","179","<machine-learning><random-forest><prediction>","2",""
"43896","1","Question","2019-01-12 23:00:32","3","1559","<deep-learning><image-classification><convolution>","3","1"
"43897","1","Question","2019-01-12 23:18:02","0","140","<python><scikit-learn><linear-regression>","2",""
"43899","1","Question","2019-01-13 00:47:52","1","96","<deep-learning><keras><gradient-descent><mathematics>","0","0"
"43905","1","Question","2019-01-13 07:27:05","1","1738","<python><deep-learning><cnn><computer-vision><opencv>","1","1"
"43906","1","Question","2019-01-13 09:18:43","1","52","<neural-network><predictive-modeling><bayesian><bayesian-networks>","1","1"
"43910","1","Question","2019-01-13 10:23:58","4","152","<deep-learning><cnn>","1",""
"43911","1","Question","2019-01-13 10:40:46","2","247","<machine-learning><python><scikit-learn><predictive-modeling><multiclass-classification>","1","2"
"56321","1","Question","2019-07-24 15:57:29","4","1108","<regression><xgboost><cross-validation><overfitting><metric>","1","2"
"56323","1","Question","2019-07-24 16:37:21","2","32","<deep-learning>","0",""
"56324","1","Question","2019-07-24 16:55:44","2","83","<r><data-cleaning>","1",""
"56325","1","Question","2019-07-24 18:11:35","0","670","<machine-learning><scikit-learn><pandas>","1",""
"56327","1","Question","2019-07-24 18:24:49","0","28","<machine-learning><python><time-series><statistics><forecasting>","0",""
"56328","1","Question","2019-07-24 18:56:02","3","150","<machine-learning><python><scikit-learn><distance><k-nn>","1","2"
"56329","1","Question","2019-07-24 19:00:39","1","66","<python><matplotlib>","1",""
"56331","1","Question","2019-07-24 19:33:23","2","3342","<dataset><regression><prediction><dummy-variables>","2",""
"56332","1","Question","2019-07-24 19:35:24","2","70","<powerbi>","0",""
"56336","1","Question","2019-07-24 21:01:05","1","590","<machine-learning><xgboost>","0","1"
"56338","1","Question","2019-07-24 21:27:39","1","36","<classification><r><clustering><logistic-regression>","1","1"
"56345","1","Question","2019-07-24 23:58:54","1","58","<machine-learning><python><linear-regression><multiclass-classification>","0",""
"56349","1","Question","2019-07-25 00:46:27","1","16","<ab-test>","0",""
"56352","1","Question","2019-07-25 05:12:20","0","25","<feature-selection><xgboost><correlation>","0",""
"56353","1","Question","2019-07-25 06:27:02","5","88","<python><software-development>","1","1"
"56354","1","Question","2019-07-25 06:41:56","1","63","<computer-vision><unsupervised-learning><pytorch>","0",""
"56356","1","Question","2019-07-25 08:30:19","0","230","<machine-learning><python><pandas><lstm>","1",""
"56358","1","Question","2019-07-25 09:24:23","5","97","<r><statistics><correlation><glm><interpretation>","2",""
"56360","1","Question","2019-07-25 09:44:34","0","24","<python><clustering><graphs>","0",""
"56362","1","Question","2019-07-25 09:47:23","1","128","<neural-network><lstm>","0",""
"56364","1","Question","2019-07-25 10:19:48","4","1032","<python><pandas><csv>","1","1"
"56365","1","Question","2019-07-25 10:46:19","1","6035","<classification><xgboost><prediction><supervised-learning>","1",""
"56366","1","Question","2019-07-25 10:54:08","0","242","<neural-network><dataset>","1",""
"56369","1","Question","2019-07-25 10:59:34","3","127","<svm><kernel><ridge-regression>","1",""
"56373","1","Question","2019-07-25 12:35:56","1","30","<classification><scikit-learn><multiclass-classification>","1","1"
"56376","1","Question","2019-07-25 13:50:50","6","45","<neural-network><deep-learning><computer-vision><convolution>","1",""
"56377","1","Question","2019-07-25 13:52:10","4","1022","<cnn><feature-extraction><image-recognition><gan><image-preprocessing>","1","1"
"56379","1","Question","2019-07-25 14:12:03","0","378","<machine-learning><feature-engineering><data-wrangling>","3",""
"56382","1","Question","2019-07-25 15:00:20","0","38","<machine-learning><python><pandas><nlp><dataframe>","0",""
"56383","1","Question","2019-07-25 15:04:42","4","700","<machine-learning><data-science-model><overfitting>","1","2"
"56386","1","Question","2019-07-25 15:48:07","2","162","<machine-learning><python><scikit-learn><svm><matplotlib>","0",""
"56390","1","Question","2019-07-25 16:11:19","2","91","<visualization>","1",""
"56404","1","Question","2019-07-25 21:02:02","2","201","<faster-rcnn><alex-net>","1",""
"56405","1","Question","2019-07-25 21:13:31","8","819","<machine-learning><optimization><gradient-descent><mini-batch-gradient-descent>","2","2"
"56406","1","Question","2019-07-25 21:32:27","1","18","<nlp><search-engine>","1",""
"56407","1","Question","2019-07-25 21:57:55","2","988","<keras><kernel>","1","1"
"56409","1","Question","2019-07-25 23:04:38","2","32","<python><google><cloud><google-data-studio>","0",""
"43913","1","Question","2019-01-13 11:23:15","1","109","<machine-learning><nlp><information-retrieval><tfidf>","1",""
"43914","1","Question","2019-01-13 11:25:43","2","99","<machine-learning><python><cnn>","1",""
"43921","1","Question","2019-01-13 13:43:38","3","132","<machine-learning><neural-network><deep-learning>","3","1"
"43927","1","Question","2019-01-13 16:59:14","6","8281","<neural-network><keras><tensorflow>","2","1"
"43931","1","Question","2019-01-13 19:59:20","2","222","<machine-learning><classification><svm><kernel><rbf>","1","1"
"43933","1","Question","2019-01-13 20:16:37","0","42","<model-selection>","1","1"
"43934","1","Question","2019-01-13 20:49:29","2","1487","<keras><r><time-series><finance>","2",""
"43935","1","Question","2019-01-13 21:08:07","1","19","<predictive-modeling><cnn><parameter-estimation>","0",""
"43937","1","Question","2019-01-13 21:14:35","1","24172","<python><numpy>","3",""
"43938","1","Question","2019-01-13 21:24:07","2","1280","<neural-network><time-series><regression><lstm>","2","1"
"43945","1","Question","2019-01-14 03:20:14","0","193","<python><scikit-learn><pandas><numpy>","1","1"
"43947","1","Question","2019-01-14 03:40:07","2","5083","<machine-learning><classification><logistic-regression><multiclass-classification>","2",""
"43953","1","Question","2019-01-14 08:13:08","2","361","<machine-learning>","2","1"
"43954","1","Question","2019-01-14 08:22:02","0","1123","<keras><tensorflow>","1",""
"43963","1","Question","2019-01-14 11:40:59","2","114","<ensemble>","1",""
"43966","1","Question","2019-01-14 12:55:14","1","67","<machine-learning><deep-learning><xgboost>","0","1"
"43972","1","Question","2019-01-14 13:58:22","8","7899","<neural-network><feature-selection><feature-scaling><classifier>","2","1"
"43975","1","Question","2019-01-14 14:45:29","1","258","<machine-learning><databases>","1",""
"43977","1","Question","2019-01-14 15:06:23","2","306","<machine-learning><feature-selection><bigdata>","2",""
"43978","1","Question","2019-01-14 15:33:33","1","2577","<machine-learning><neural-network><training><ai>","3",""
"43986","1","Question","2019-01-14 17:30:14","1","247","<machine-learning><scikit-learn><predictive-modeling>","1",""
"43993","1","Question","2019-01-14 18:47:40","0","390","<neural-network><logistic-regression><octave><matrix>","1",""
"43995","1","Question","2019-01-14 19:18:03","4","148","<distance><k-nn><metric>","3","1"
"44008","1","Question","2019-01-15 04:02:26","1","334","<nlp><multiclass-classification><search-engine>","2","1"
"44009","1","Question","2019-01-15 05:56:45","1","1678","<machine-learning><svm><feature-scaling><encoding><k-nn>","1",""
"44011","1","Question","2019-01-15 06:33:28","3","501","<machine-learning><computer-vision><career><linear-algebra>","1",""
"44017","1","Question","2019-01-15 09:27:31","0","91","<neural-network><lstm><training><overfitting><labels>","1","1"
"44022","1","Question","2019-01-15 10:26:42","0","102","<machine-learning><statistics><pca><image-recognition><dimensionality-reduction>","1",""
"44024","1","Question","2019-01-15 10:39:59","1","2234","<lstm>","1","1"
"44031","1","Question","2019-01-15 12:43:59","1","584","<machine-learning><gan>","1","1"
"44036","1","Question","2019-01-15 13:32:45","0","198","<machine-learning><regression><feature-scaling>","1",""
"44038","1","Question","2019-01-15 13:45:11","2","164","<classification><cnn><text><learning>","1",""
"44042","1","Question","2019-01-15 14:33:09","0","61","<feature-scaling>","2",""
"56412","1","Question","2019-07-26 02:05:45","0","292","<python><cnn><mnist><weighted-data>","0",""
"56420","1","Question","2019-07-26 07:18:47","2","112","<machine-learning><statistics><data-cleaning><data-wrangling>","0",""
"56426","1","Question","2019-07-26 09:41:37","2","60","<data><feature-engineering><feature-scaling>","2",""
"56427","1","Question","2019-07-26 10:31:23","3","448","<python><pandas><visualization><matplotlib><plotting>","2",""
"56429","1","Question","2019-07-26 10:56:26","1","432","<machine-learning><boosting><lightgbm>","0",""
"56432","1","Question","2019-07-26 11:44:54","1","208","<neural-network><deep-learning><cnn><object-detection><yolo>","1",""
"56444","1","Question","2019-07-26 13:39:41","3","2406","<machine-learning><softmax>","3","1"
"56447","1","Question","2019-07-26 14:01:14","3","1147","<neural-network><regression><loss-function><class-imbalance>","1","1"
"56448","1","Question","2019-07-26 14:22:08","1","54","<neural-network><backpropagation><cost-function>","1",""
"56454","1","Question","2019-07-26 16:17:24","0","128","<xgboost>","2",""
"56457","1","Question","2019-07-26 16:49:57","0","47","<autoencoder><pca>","1",""
"56465","1","Question","2019-07-26 21:52:17","1","20","<machine-learning><deep-learning>","0",""
"56466","1","Question","2019-07-26 21:59:05","0","104","<machine-learning><dataset><machine-learning-model>","4",""
"56473","1","Question","2019-07-27 03:30:27","0","355","<scikit-learn><random-forest><confusion-matrix>","1",""
"56474","1","Question","2019-07-27 04:18:24","1","236","<python><classification><scikit-learn><svm>","0",""
"56476","1","Question","2019-07-27 07:39:18","7","5313","<machine-learning><deep-learning><nlp>","3","8"
"56477","1","Question","2019-07-27 08:35:24","4","990","<neural-network><keras><time-series><lstm><rnn>","2","1"
"56479","1","Question","2019-07-27 10:01:08","1","40","<python><keras><machine-learning-model><data-science-model>","1",""
"56481","1","Question","2019-07-27 10:07:05","2","18","<reinforcement-learning>","0","1"
"56483","1","Question","2019-07-27 13:46:03","2","166","<machine-learning>","1",""
"56492","1","Question","2019-07-27 17:12:59","3","534","<time-series><pandas>","2",""
"56493","1","Question","2019-07-27 17:25:56","0","53","<machine-learning><classification><scikit-learn><random-forest><svm>","2",""
"56494","1","Question","2019-07-27 19:21:46","1","35","<machine-learning><neural-network><classification>","1",""
"56495","1","Question","2019-07-27 19:30:43","1","29","<named-entity-recognition>","1",""
"56498","1","Question","2019-07-27 20:32:56","0","29","<deep-learning><dataset><training><image>","0",""
"44046","1","Question","2019-01-15 15:43:45","0","26","<machine-learning><statistics><visualization><pca>","1",""
"44047","1","Question","2019-01-15 15:45:58","0","418","<word-embeddings><multilabel-classification>","1",""
"44049","1","Question","2019-01-15 16:40:42","0","684","<object-detection><object-recognition>","1",""
"44053","1","Question","2019-01-15 17:41:52","1","28","<nlp>","1",""
"44055","1","Question","2019-01-15 17:59:51","0","81","<text>","1",""
"44057","1","Question","2019-01-15 18:41:32","1","271","<python><time-series><pandas>","0",""
"44060","1","Question","2019-01-15 21:19:37","2","481","<machine-learning><deep-learning><keras><scikit-learn>","2",""
"44061","1","Question","2019-01-15 23:24:10","2","58","<predictive-modeling><data><anomaly-detection>","0",""
"44065","1","Question","2019-01-16 02:09:44","13","10656","<deep-learning><keras><dropout><monte-carlo>","1","3"
"44068","1","Question","2019-01-16 03:25:57","3","90","<generative-models><embeddings><text-generation>","2",""
"44070","1","Question","2019-01-16 05:05:29","2","420","<machine-learning><regularization><matrix-factorisation><embeddings>","0","1"
"44071","1","Question","2019-01-16 05:58:02","0","73","<algorithms><mathematics>","2",""
"44072","1","Question","2019-01-16 06:12:30","0","1017","<visualization><data><correlation><probability>","2",""
"44079","1","Question","2019-01-16 10:35:30","3","169","<machine-learning><linear-regression><optimization>","1",""
"44082","1","Question","2019-01-16 10:44:05","3","85","<machine-learning><cnn><image-classification><convolutional-neural-network>","1",""
"44087","1","Question","2019-01-16 13:15:55","1","219","<classification><scikit-learn><accuracy>","2",""
"44089","1","Question","2019-01-16 14:02:39","0","24","<machine-learning><neural-network><image-classification><convolutional-neural-network><data-augmentation>","1",""
"44091","1","Question","2019-01-16 14:41:34","3","3035","<neural-network><gradient-descent><loss-function>","2","1"
"44094","1","Question","2019-01-16 15:51:52","0","180","<nlp><word-embeddings>","1",""
"44096","1","Question","2019-01-16 16:48:10","2","390","<nlp><data><multilabel-classification>","2","2"
"44097","1","Question","2019-01-16 16:55:52","3","59","<machine-learning><score><collinearity>","2",""
"44101","1","Question","2019-01-16 17:41:27","1","470","<python><neural-network><tensorflow><accuracy><overfitting>","2",""
"44102","1","Question","2019-01-16 17:48:31","0","16","<machine-learning><neural-network>","1",""
"44103","1","Question","2019-01-16 17:57:37","1","218","<machine-learning><bigdata><image-classification><training><image-recognition>","0",""
"44108","1","Question","2019-01-16 18:16:04","9","10301","<machine-learning>","2","1"
"44109","1","Question","2019-01-16 18:16:48","0","232","<machine-learning><bigdata><sampling><hyperparameter-tuning>","2","1"
"44115","1","Question","2019-01-16 18:58:53","3","435","<logistic-regression>","2",""
"44123","1","Question","2019-01-16 21:26:54","0","80","<parallel><boosting>","1",""
"44124","1","Question","2019-01-16 22:27:53","8","8651","<machine-learning><neural-network><deep-learning><keras><tensorflow>","1","1"
"44126","1","Question","2019-01-16 22:58:29","4","303","<machine-learning><correlation>","2","1"
"44127","1","Question","2019-01-17 02:11:07","1","196","<clustering><tfidf>","2",""
"44133","1","Question","2019-01-17 05:00:14","5","1031","<python><computer-vision><similarity><opencv>","2","2"
"44139","1","Question","2019-01-17 09:40:28","3","501","<overfitting><variance><bias>","1",""
"44141","1","Question","2019-01-17 10:15:11","0","72","<scikit-learn>","3",""
"56501","1","Question","2019-07-27 23:35:00","2","47","<clustering><k-means>","1",""
"56503","1","Question","2019-07-28 01:27:43","0","79","<machine-learning><python><neural-network><data-mining><cnn>","3",""
"56504","1","Question","2019-07-28 01:30:24","0","82","<machine-learning>","1",""
"56513","1","Question","2019-07-28 09:55:22","1","446","<python><autoencoder><pca><pytorch><dimensionality-reduction>","2","1"
"56514","1","Question","2019-07-28 11:04:17","1","38","<machine-learning><machine-learning-model><terminology><definitions>","2",""
"56517","1","Question","2019-07-28 12:08:28","1","454","<tensorflow>","0",""
"56518","1","Question","2019-07-28 12:25:33","1","967","<python><deep-learning><computer-vision><faster-rcnn>","1",""
"56519","1","Question","2019-07-28 12:36:13","1","563","<python><scikit-learn><predictive-modeling>","0",""
"56526","1","Question","2019-07-28 21:57:49","1","153","<deep-learning><keras><tensorflow><convolution>","0",""
"56527","1","Question","2019-07-28 22:40:05","1","24","<ranking>","0",""
"56530","1","Question","2019-07-29 03:08:30","0","426","<time-series><hyperparameter-tuning><lightgbm>","1",""
"56531","1","Question","2019-07-29 03:51:11","0","47","<time-series><predictive-modeling><lstm><rnn>","0",""
"56532","1","Question","2019-07-29 04:34:45","1","13","<social-network-analysis><reference-request>","0",""
"56533","1","Question","2019-07-29 05:53:29","0","43","<machine-learning><svm><loss-function><perceptron>","0",""
"56534","1","Question","2019-07-29 06:04:21","0","57","<nlp><nltk>","1",""
"56537","1","Question","2019-07-29 07:26:20","1","941","<deep-learning><generative-models>","1",""
"56538","1","Question","2019-07-29 07:45:17","0","21","<machine-learning><dimensionality-reduction><grid-search><feature-reduction>","1",""
"56549","1","Question","2019-07-29 09:11:55","1","29","<machine-learning><python><classification><algorithms>","1",""
"56551","1","Question","2019-07-29 09:18:06","1","170","<scikit-learn><regression><feature-selection><cross-validation>","1",""
"56552","1","Question","2019-07-29 09:18:46","3","110","<machine-learning><model-selection><hyperparameter-tuning>","0",""
"56553","1","Question","2019-07-29 09:24:56","0","64","<deep-learning><reinforcement-learning><q-learning><dqn>","1",""
"56555","1","Question","2019-07-29 09:39:48","0","31","<scikit-learn><regression><random-forest><categorical-data><data-science-model>","0",""
"56560","1","Question","2019-07-29 11:41:38","3","71","<neural-network><cnn><backpropagation><convolutional-neural-network>","0",""
"56561","1","Question","2019-07-29 12:21:59","2","42","<orange>","0",""
"56562","1","Question","2019-07-29 12:30:32","1","131","<python><lstm><pytorch>","0",""
"56565","1","Question","2019-07-29 13:35:35","3","660","<clustering>","2",""
"56568","1","Question","2019-07-29 13:47:11","1","51","<machine-learning><deep-learning><statistics>","1",""
"56570","1","Question","2019-07-29 14:36:34","0","174","<pandas><visualization><seaborn>","1","1"
"56571","1","Question","2019-07-29 14:52:31","1","42","<neural-network><classification><image-classification><computer-vision>","1",""
"56577","1","Question","2019-07-29 15:28:21","0","126","<machine-learning><ensemble-modeling><hyperparameter><meta-learning>","1",""
"56580","1","Question","2019-07-29 16:51:27","1","60","<dataset><preprocessing>","0",""
"56585","1","Question","2019-07-29 20:13:45","1","37","<clustering><dbscan>","0",""
"56586","1","Question","2019-07-29 21:20:55","3","3068","<machine-learning><python><k-means><unsupervised-learning><anomaly-detection>","0",""
"56588","1","Question","2019-07-29 23:05:56","1","59","<python><anomaly-detection><normalization><outlier><gaussian>","0",""
"56589","1","Question","2019-07-29 23:36:47","1","85","<information-retrieval>","2","1"
"44148","1","Question","2019-01-17 14:11:22","1","117","<deep-learning><reinforcement-learning>","0","1"
"44150","1","Question","2019-01-17 14:40:55","1","337","<machine-learning><data-mining><naive-bayes-classifier>","1",""
"44151","1","Question","2019-01-17 14:58:45","1","76","<classification><text-mining><word2vec><gensim>","0","1"
"44152","1","Question","2019-01-17 15:36:53","1","493","<machine-learning><optimization>","0",""
"44155","1","Question","2019-01-17 16:30:51","3","220","<python><pandas>","2",""
"44156","1","Question","2019-01-17 16:58:48","1","45","<machine-learning><deep-learning><scikit-learn><data>","0",""
"44161","1","Question","2019-01-17 18:55:28","1","64","<logistic-regression>","2",""
"44163","1","Question","2019-01-17 19:26:03","1","75","<image-classification><prediction><convolutional-neural-network>","0",""
"44169","1","Question","2019-01-18 01:13:24","1","864","<machine-learning><xgboost><data-science-model><boosting>","1",""
"44171","1","Question","2019-01-18 01:59:16","1","48","<image-classification><image-recognition><reference-request>","0",""
"44176","1","Question","2019-01-18 06:19:47","2","109","<machine-learning><regularization><matrix-factorisation><embeddings>","1",""
"44177","1","Question","2019-01-18 06:34:01","0","440","<keras><tensorflow><lstm><cnn><rnn>","2",""
"44180","1","Question","2019-01-18 08:14:43","2","1071","<machine-learning><classification>","3",""
"44188","1","Question","2019-01-18 10:00:06","1","105","<data-mining><statistics>","2",""
"44190","1","Question","2019-01-18 10:34:11","1","205","<python><parsing><regex><tokenization>","0","1"
"44192","1","Question","2019-01-18 10:52:14","9","7831","<regression><visualization><seaborn>","1","2"
"44195","1","Question","2019-01-18 11:19:02","1","31","<machine-learning><time-series><predictive-modeling><preprocessing><forecast>","0",""
"44202","1","Question","2019-01-18 14:09:33","1","113","<text-mining>","1",""
"44205","1","Question","2019-01-18 15:08:49","1","1115","<nlp><text-mining><word2vec><information-retrieval>","1","1"
"44206","1","Question","2019-01-18 15:16:41","2","2035","<machine-learning><neural-network><deep-learning><classification><keras>","2","2"
"44213","1","Question","2019-01-18 18:34:24","1","1494","<machine-learning><activation-function>","1",""
"44215","1","Question","2019-01-18 18:55:33","1","708","<machine-learning><scikit-learn><nlp><accuracy><sentiment-analysis>","1",""
"44219","1","Question","2019-01-18 20:08:23","3","886","<python><scikit-learn><imbalanced-learn><smotenc>","1","1"
"44220","1","Question","2019-01-18 23:39:21","3","445","<machine-learning><python><classification><text-mining><algorithms>","1",""
"44222","1","Question","2019-01-19 02:31:59","0","780","<python><numpy><gaussian><noise>","1",""
"44223","1","Question","2019-01-19 04:45:03","1","426","<machine-learning-model><data-science-model><model-selection><ensemble-modeling>","1","1"
"44224","1","Question","2019-01-19 08:44:20","3","500","<python><statistics><data><ipython>","2",""
"44225","1","Question","2019-01-19 09:10:36","8","605","<machine-learning><keras><scikit-learn><feature-scaling><labels>","1","2"
"44228","1","Question","2019-01-19 10:20:12","0","521","<machine-learning-model>","6",""
"44236","1","Question","2019-01-19 13:50:02","0","391","<keras><lstm><preprocessing><feature-scaling>","1",""
"44242","1","Question","2019-01-19 17:02:25","0","59","<machine-learning><feature-extraction><word2vec><text>","1",""
"44244","1","Question","2019-01-19 18:06:39","-1","169","<machine-learning><data-science-model>","1",""
"44246","1","Question","2019-01-19 18:55:30","2","74","<python><neural-network><tensorflow><convolutional-neural-network>","1",""
"44248","1","Question","2019-01-19 19:44:16","0","48","<regression><prediction>","1",""
"44249","1","Question","2019-01-19 19:48:52","1","1599","<python><keras><time-series><predictive-modeling><lstm>","1",""
"44253","1","Question","2019-01-19 22:14:14","2","470","<dataset><data-cleaning><image-classification><computer-vision><preprocessing>","2",""
"44256","1","Question","2019-01-20 00:26:03","1","227","<machine-learning><nlp><statistics><machine-learning-model>","1","1"
"44266","1","Question","2019-01-20 06:51:49","1","447","<machine-learning><scikit-learn><nlp><multiclass-classification><naive-bayes-classifier>","1",""
"44268","1","Question","2019-01-20 07:47:27","1","1821","<cnn>","1","1"
"44270","1","Question","2019-01-20 09:45:14","1","554","<nlp><nltk><tokenization>","1",""
"44271","1","Question","2019-01-20 09:53:07","1","19","<yolo>","0",""
"44272","1","Question","2019-01-20 09:56:13","1","33","<time-series><pca>","0",""
"44274","1","Question","2019-01-20 10:04:19","2","854","<machine-learning><lstm><rnn><accuracy><metric>","1","1"
"44277","1","Question","2019-01-20 10:44:40","1","792","<machine-learning><data-mining><predictive-modeling><data-science-model>","1","1"
"44280","1","Question","2019-01-20 11:12:23","0","66","<machine-learning><python><books>","2","1"
"44283","1","Question","2019-01-20 11:48:47","0","687","<machine-learning><python><nlp><feature-selection>","1",""
"44288","1","Question","2019-01-20 14:07:24","0","1167","<keras><cnn><batch-normalization>","1","0"
"44293","1","Question","2019-01-20 15:53:19","4","8292","<neural-network><dropout>","1","2"
"44300","1","Question","2019-01-20 18:52:29","1","171","<anonymization>","5",""
"44302","1","Question","2019-01-20 19:35:26","2","1712","<python><neural-network><keras><regression>","1",""
"44303","1","Question","2019-01-20 19:39:23","2","154","<neural-network><deep-learning><lstm><cnn><nlp>","3",""
"44306","1","Question","2019-01-20 20:30:38","1","2982","<classification><scikit-learn><nlp><naive-bayes-classifier>","1",""
"44307","1","Question","2019-01-20 20:55:42","3","267","<graphs><embeddings>","3",""
"44313","1","Question","2019-01-21 04:32:05","1","68","<python><bigdata><data><bayesian>","0","2"
"44315","1","Question","2019-01-21 05:52:55","3","2024","<reinforcement-learning><q-learning><dynamic-programming>","1","5"
"44317","1","Question","2019-01-21 07:12:01","2","58","<dataset><statistics><recommender-system><ab-test>","1","1"
"56594","1","Question","2019-07-30 03:15:46","3","155","<machine-learning><classification><feature-engineering><feature-extraction>","2","1"
"56600","1","Question","2019-07-30 06:22:21","3","161","<machine-learning><multiclass-classification><softmax>","0",""
"56601","1","Question","2019-07-30 06:27:24","2","177","<machine-learning><neural-network><cnn><convolution>","1",""
"56604","1","Question","2019-07-30 06:57:08","0","101","<reinforcement-learning>","1",""
"56607","1","Question","2019-07-30 07:48:03","1","31","<transfer-learning><data-augmentation>","1",""
"56608","1","Question","2019-07-30 08:25:52","0","697","<machine-learning><python><optimization><convergence><survival-analysis>","2",""
"56611","1","Question","2019-07-30 08:56:00","6","232","<clustering><text-mining><k-means><similarity>","2","1"
"56612","1","Question","2019-07-30 09:53:31","3","359","<python><data><visualization><distribution><seaborn>","1",""
"56614","1","Question","2019-07-30 10:22:33","1","353","<python><pytorch>","2",""
"56616","1","Question","2019-07-30 10:49:31","0","36","<deep-learning><keras><nlp><spacy>","1",""
"56620","1","Question","2019-07-30 11:50:18","1","819","<python><nlp><word2vec><gensim><similar-documents>","0",""
"56621","1","Question","2019-07-30 12:14:59","1","322","<reinforcement-learning><q-learning><markov-process>","1",""
"56622","1","Question","2019-07-30 12:29:59","1","411","<scikit-learn><clustering><k-means><unsupervised-learning>","3",""
"56624","1","Question","2019-07-30 13:07:01","1","19","<reinforcement-learning><policy-gradients>","0",""
"56627","1","Question","2019-07-30 14:29:11","2","55","<machine-learning><dataset><training>","2",""
"56633","1","Question","2019-07-30 17:44:08","1","17","<orange>","0",""
"56634","1","Question","2019-07-30 17:49:25","1","132","<clustering><k-means><unsupervised-learning>","1",""
"56635","1","Question","2019-07-30 18:01:17","0","267","<cnn><image-classification>","1",""
"56636","1","Question","2019-07-30 18:28:48","-1","29","<machine-learning><neural-network><random-forest><model-selection>","2",""
"56638","1","Question","2019-07-30 19:17:12","1","50","<machine-learning><python><clustering><unsupervised-learning>","1","1"
"56643","1","Question","2019-07-30 21:03:56","2","242","<scikit-learn><svm><grid-search><gridsearchcv>","1",""
"56646","1","Question","2019-07-30 21:43:42","1","99","<neural-network><lstm>","1",""
"56647","1","Question","2019-07-30 22:19:54","1","279","<machine-learning><keras><time-series><lstm><forecasting>","1",""
"56650","1","Question","2019-07-31 02:04:50","1","15","<predictive-modeling><linear-regression><categorical-data><counts>","0",""
"56651","1","Question","2019-07-31 02:38:31","1","104","<nlp><bert>","1",""
"56652","1","Question","2019-07-31 03:51:20","1","13","<neural-network><word2vec><nlp>","0",""
"56655","1","Question","2019-07-31 06:15:00","1","101","<python>","1",""
"56658","1","Question","2019-07-31 06:53:22","1","79","<machine-learning><classification><random-forest><data-science-model>","1",""
"56663","1","Question","2019-07-31 08:42:09","0","86","<deep-learning><hyperparameter-tuning><coursera>","1",""
"56664","1","Question","2019-07-31 09:03:06","1","443","<cnn><feature-engineering><audio-recognition>","1","1"
"56667","1","Question","2019-07-31 09:57:25","2","128","<neural-network><beginner>","1",""
"56668","1","Question","2019-07-31 10:08:51","11","77401","<data-mining><pandas>","3",""
"56672","1","Question","2019-07-31 10:34:19","3","277","<feature-selection><random-forest><xgboost>","2",""
"56674","1","Question","2019-07-31 10:48:38","0","40","<python><beginner>","1",""
"56676","1","Question","2019-07-31 11:06:16","27","12391","<machine-learning><deep-learning>","7","14"
"56682","1","Question","2019-07-31 13:51:26","1","48","<orange><orange3>","0",""
"56685","1","Question","2019-07-31 14:59:37","0","38","<neural-network><deep-learning><clustering><unsupervised-learning>","1",""
"56686","1","Question","2019-07-31 15:01:43","1","34","<classification><regression><predictive-modeling><survival-analysis>","0",""
"56692","1","Question","2019-07-31 16:09:49","1","120","<bigdata><apache-hadoop><hive>","0",""
"56693","1","Question","2019-07-31 16:25:57","3","59","<machine-learning><feature-selection><cross-validation>","1",""
"56694","1","Question","2019-07-31 16:38:18","4","1471","<pytorch-geometric>","1","2"
"56695","1","Question","2019-07-31 16:41:50","1","323","<deep-learning><keras>","1","1"
"56698","1","Question","2019-07-31 17:09:59","1","26","<tensorflow>","0",""
"44319","1","Question","2019-01-21 08:04:23","0","45","<machine-learning><classification><machine-learning-model><evaluation>","1",""
"44322","1","Question","2019-01-21 10:33:13","1","115","<machine-learning><predictive-modeling><lstm><recommender-system><nlp>","0","1"
"44323","1","Question","2019-01-21 11:17:17","2","60","<neural-network><activation-function>","0","1"
"44324","1","Question","2019-01-21 11:34:40","5","7743","<machine-learning><neural-network><gradient-descent>","2",""
"44325","1","Question","2019-01-21 11:53:15","1","36","<neural-network><deep-learning><regularization><generative-models><embeddings>","2",""
"44327","1","Question","2019-01-21 12:02:00","4","1063","<machine-learning><cross-validation><class-imbalance><sampling>","2","3"
"44330","1","Question","2019-01-21 13:08:09","0","1098","<machine-learning><deep-learning><training><image-preprocessing>","2",""
"44335","1","Question","2019-01-21 16:00:49","1","239","<r><time-series><statistics>","1",""
"44336","1","Question","2019-01-21 16:10:08","1","450","<machine-learning><neural-network><deep-learning><feature-engineering>","1","2"
"44340","1","Question","2019-01-21 16:56:11","1","80","<machine-learning><statistics><mathematics>","1",""
"44354","1","Question","2019-01-22 03:53:05","4","2040","<xgboost>","2",""
"44358","1","Question","2019-01-22 06:08:57","0","57","<deep-learning><prediction><social-network-analysis><reference-request>","1",""
"44359","1","Question","2019-01-22 06:15:18","0","41","<machine-learning><scikit-learn><clustering>","1",""
"44360","1","Question","2019-01-22 06:16:05","1","1134","<python><neural-network><keras><regression><lstm>","1",""
"44367","1","Question","2019-01-22 08:40:40","1","135","<deep-learning><image-classification>","2","1"
"44369","1","Question","2019-01-22 10:36:39","1","32","<reinforcement-learning><q-learning><dqn><deep-learning>","0","1"
"44374","1","Question","2019-01-22 12:55:40","0","672","<python><keras><pyspark>","1",""
"44377","1","Question","2019-01-22 13:33:58","0","53","<career>","2",""
"44379","1","Question","2019-01-22 13:57:34","1","109","<machine-learning><neural-network><embeddings>","1",""
"44383","1","Question","2019-01-22 15:11:11","1","635","<machine-learning><python><classification><nltk>","3",""
"44387","1","Question","2019-01-22 17:37:07","5","3113","<machine-learning><python><scikit-learn><pandas><data-science-model>","3",""
"44389","1","Question","2019-01-22 18:09:20","1","224","<machine-learning><data-mining>","4","2"
"44391","1","Question","2019-01-22 18:45:21","3","944","<python><keras><convolutional-neural-network>","1","1"
"44392","1","Question","2019-01-22 18:49:49","3","368","<machine-learning><predictive-modeling><prediction>","2","1"
"44402","1","Question","2019-01-22 23:37:54","1","143","<machine-learning><neural-network><training><gradient-descent><perceptron>","1",""
"44406","1","Question","2019-01-23 02:04:39","1","872","<word2vec><word-embeddings>","1",""
"44409","1","Question","2019-01-23 03:57:26","1","59","<machine-learning><data-mining><visualization><data-analysis>","1",""
"44411","1","Question","2019-01-23 04:03:02","0","137","<pytorch>","0","1"
"44414","1","Question","2019-01-23 07:15:53","0","167","<keras><cnn><transfer-learning>","1",""
"44419","1","Question","2019-01-23 09:21:13","1","26","<machine-learning><data-mining>","0",""
"44423","1","Question","2019-01-23 09:58:41","4","3517","<python><time-series><visualization><data-analysis><forecast>","1",""
"44427","1","Question","2019-01-23 10:57:09","1","89","<machine-learning><scikit-learn><pca>","1",""
"44430","1","Question","2019-01-23 11:13:32","0","583","<fuzzy-logic>","1",""
"44432","1","Question","2019-01-23 11:17:46","1","285","<time-series><anomaly-detection><online-learning>","1","1"
"44438","1","Question","2019-01-23 13:16:29","0","1320","<machine-learning><python><deep-learning><keras><cnn>","1",""
"44440","1","Question","2019-01-23 14:04:25","0","92","<machine-learning><theory>","2",""
"44446","1","Question","2019-01-23 14:55:08","1","135","<machine-learning><gradient-descent>","2",""
"44448","1","Question","2019-01-23 15:34:39","2","118","<nlp><clustering><feature-extraction><encoding><embeddings>","0",""
"44449","1","Question","2019-01-23 15:36:41","1","1618","<python><scikit-learn><pandas><numpy>","0",""
"44450","1","Question","2019-01-23 15:37:08","2","364","<python><scikit-learn><decision-trees><accuracy><matlab>","2",""
"44454","1","Question","2019-01-23 16:56:01","0","382","<python><pandas>","2",""
"44456","1","Question","2019-01-23 17:29:04","2","618","<python><deep-learning><keras>","1","1"
"44460","1","Question","2019-01-23 18:03:18","0","73","<machine-learning><reinforcement-learning><q-learning><policy-gradients>","1",""
"56700","1","Question","2019-07-31 17:16:46","2","96","<classification><random-forest>","1",""
"56702","1","Question","2019-07-31 17:58:12","1","23","<plotting>","0",""
"56704","1","Question","2019-07-31 18:30:51","1","15","<statistics><variance>","0","1"
"56705","1","Question","2019-07-31 18:42:08","1","46","<python><keras><convolution><gan>","1",""
"56706","1","Question","2019-07-31 18:42:47","0","18","<clustering><distance>","0",""
"56710","1","Question","2019-07-31 19:28:55","2","38","<python><predictive-modeling><data><logistic-regression><data-science-model>","1",""
"56712","1","Question","2019-07-31 19:41:35","4","659","<deep-learning><keras><tensorflow><pca><convolutional-neural-network>","1","1"
"56714","1","Question","2019-07-31 19:50:51","1","1700","<neural-network><keras><tensorflow>","0","1"
"56715","1","Question","2019-07-31 20:05:11","2","108","<machine-learning><machine-learning-model><nvidia>","1",""
"56716","1","Question","2019-07-31 20:31:14","1","30","<image-classification><tools><annotation>","0",""
"56722","1","Question","2019-07-31 21:08:51","2","32","<machine-learning><data-science-model>","0",""
"56728","1","Question","2019-08-01 00:10:58","1","25","<deep-learning><cnn><nvidia>","0",""
"56729","1","Question","2019-08-01 00:31:42","3","122","<machine-learning><classification><time-series>","2",""
"56730","1","Question","2019-08-01 01:34:24","0","273","<machine-learning><dataset><data-cleaning><missing-data><data-analysis>","1",""
"56731","1","Question","2019-08-01 04:34:08","2","257","<machine-learning><scikit-learn><machine-learning-model><accuracy><grid-search>","2",""
"56735","1","Question","2019-08-01 06:05:12","1","56","<machine-learning><python><overfitting><kaggle>","1",""
"56740","1","Question","2019-08-01 07:26:28","1","42","<neural-network><deep-learning><data-science-model>","1","0"
"56747","1","Question","2019-08-01 09:49:50","1","3248","<machine-learning><python><optimization>","2",""
"56751","1","Question","2019-08-01 11:10:50","0","110","<python><pandas><ipython>","2","1"
"56752","1","Question","2019-08-01 11:46:30","0","107","<regression><decision-trees>","1",""
"56756","1","Question","2019-08-01 14:02:34","0","236","<machine-learning><deep-learning><keras><cnn>","1",""
"56758","1","Question","2019-08-01 14:21:02","1","139","<pca><tsne>","1",""
"56761","1","Question","2019-08-01 15:11:04","1","44","<nlp><word-embeddings><topic-model><javascript>","1",""
"56764","1","Question","2019-08-01 16:15:27","0","254","<machine-learning><predictive-modeling><supervised-learning>","3",""
"56771","1","Question","2019-08-01 17:36:44","0","79","<machine-learning><data-mining>","2",""
"56772","1","Question","2019-08-01 17:55:51","1","3007","<deep-learning><keras><pytorch>","1",""
"56773","1","Question","2019-08-01 17:57:57","0","34","<r><correlation>","0",""
"56774","1","Question","2019-08-01 18:10:57","0","84","<python><regression>","4",""
"56777","1","Question","2019-08-01 18:33:49","0","75","<machine-learning><computer-vision>","3",""
"56782","1","Question","2019-08-01 19:43:16","1","570","<machine-learning><cnn><convolution><backpropagation><javascript>","1",""
"56783","1","Question","2019-08-01 19:43:50","1","64","<dataset><data-analysis>","2",""
"56785","1","Question","2019-08-01 19:50:09","1","197","<data-mining>","2",""
"56786","1","Question","2019-08-01 19:52:52","1","28","<normalization>","0",""
"56794","1","Question","2019-08-01 20:15:35","1","46","<scikit-learn>","0",""
"56795","1","Question","2019-08-01 20:16:17","0","598","<tensorflow><gpu><distribution><parallel>","1","1"
"56797","1","Question","2019-08-01 21:03:35","1","28","<lstm>","0",""
"56799","1","Question","2019-08-01 21:08:46","1","211","<machine-learning>","0",""
"56801","1","Question","2019-08-01 21:48:54","0","123","<distribution><weighted-data><randomized-algorithms>","1",""
"56802","1","Question","2019-08-01 22:07:12","3","127","<reinforcement-learning>","1","1"
"56804","1","Question","2019-08-01 22:33:29","0","868","<machine-learning><python><scikit-learn><cross-validation>","1",""
"56806","1","Question","2019-08-02 00:44:17","2","768","<machine-learning><time-series><feature-extraction>","1","1"
"56808","1","Question","2019-08-02 01:45:13","3","291","<neural-network>","3",""
"56812","1","Question","2019-08-02 03:01:40","3","1710","<tensorflow>","2","1"
"56826","1","Question","2019-08-02 07:40:53","1","1303","<python><clustering><pca><matplotlib>","1",""
"56830","1","Question","2019-08-02 10:12:00","1","624","<neural-network><deep-learning><keras><cnn><activation-function>","3",""
"56831","1","Question","2019-08-02 10:31:40","1","878","<python><scikit-learn><pandas><encoding>","1",""
"56833","1","Question","2019-08-02 11:35:25","6","1148","<machine-learning><python><xgboost>","2",""
"56834","1","Question","2019-08-02 11:39:08","1","466","<python><deep-learning><keras><cnn><image-classification>","1",""
"56840","1","Question","2019-08-02 13:37:51","1","75","<training><computer-vision><gan>","2",""
"56843","1","Question","2019-08-02 14:31:57","0","42","<clustering>","2",""
"56844","1","Question","2019-08-02 14:39:40","0","167","<nlp><dataset><language-model><ngrams>","1",""
"56847","1","Question","2019-08-02 15:07:49","2","55","<cross-validation>","1",""
"56857","1","Question","2019-08-02 17:53:02","2","1732","<python><time-series><scipy><difference>","1",""
"56860","1","Question","2019-08-02 18:54:35","3","1502","<training><gan><mnist>","2",""
"56863","1","Question","2019-08-02 19:39:08","3","1644","<python><r><orange><orange3>","1","2"
"56872","1","Question","2019-08-03 01:26:20","1","47","<deep-learning><nlp>","1",""
"56873","1","Question","2019-08-03 02:23:14","1","228","<python><pandas><dataframe>","1",""
"56874","1","Question","2019-08-03 02:35:39","1","40","<regression><feature-selection><linear-regression><feature-engineering>","1",""
"56875","1","Question","2019-08-03 03:56:44","2","619","<pytorch><scipy>","2","2"
"56877","1","Question","2019-08-03 07:05:21","1","1669","<machine-learning><regression>","1",""
"56878","1","Question","2019-08-03 07:12:27","1","86","<machine-learning><keras>","1",""
"56885","1","Question","2019-08-03 11:26:24","2","84","<cnn><batch-normalization>","1",""
"56889","1","Question","2019-08-03 12:05:21","1","159","<deep-learning><keras><manifold>","0",""
"56893","1","Question","2019-08-03 14:31:31","1","40","<machine-learning><regression><feature-selection><feature-engineering><geospatial>","1",""
"56894","1","Question","2019-08-03 14:32:09","2","535","<deep-learning><time-series><word2vec><anomaly-detection>","2","1"
"56905","1","Question","2019-08-04 00:26:07","0","22","<svm><multilabel-classification>","2",""
"56910","1","Question","2019-08-04 06:49:43","0","373","<machine-learning><keras>","0",""
"56912","1","Question","2019-08-04 08:05:33","0","83","<reinforcement-learning><randomized-algorithms>","1",""
"56915","1","Question","2019-08-04 09:25:11","0","308","<data-mining><data-cleaning><outlier>","1",""
"56922","1","Question","2019-08-04 13:35:23","1","223","<neural-network><loss-function><annotation>","1",""
"56923","1","Question","2019-08-04 13:55:17","1","1568","<classification><xgboost>","1",""
"56924","1","Question","2019-08-04 14:05:58","2","4064","<neural-network><lstm><normalization><feature-scaling>","2",""
"56928","1","Question","2019-08-04 16:26:29","1","39","<python><perceptron>","0",""
"56933","1","Question","2019-08-04 19:49:09","1","3364","<python><pandas>","3",""
"44463","1","Question","2019-01-23 18:52:32","1","30","<neural-network><deep-learning><image-classification>","0",""
"44465","1","Question","2019-01-23 21:19:38","2","51","<r><logistic-regression><regularization>","1",""
"44474","1","Question","2019-01-24 00:43:27","3","3098","<python><keras><tensorflow><gpu>","2","2"
"44476","1","Question","2019-01-24 04:59:16","4","6287","<python><pandas><bigdata><data-cleaning>","2",""
"44478","1","Question","2019-01-24 06:33:12","0","37","<machine-learning><data-cleaning><logistic-regression>","1",""
"44482","1","Question","2019-01-24 07:25:46","4","93","<machine-learning><recommender-system><supervised-learning><similarity>","1",""
"44484","1","Question","2019-01-24 08:17:31","1","116","<machine-learning-model>","1",""
"44499","1","Question","2019-01-24 12:24:40","1","91","<gaussian><deepmind>","0",""
"44501","1","Question","2019-01-24 12:52:37","2","278","<time-series><anomaly-detection><online-learning>","0","3"
"44503","1","Question","2019-01-24 13:43:15","0","50","<machine-learning><statistics>","1",""
"44504","1","Question","2019-01-24 14:02:19","1","194","<nlp><nlg>","0",""
"44506","1","Question","2019-01-24 14:45:18","1","1474","<overfitting><inception>","1",""
"44508","1","Question","2019-01-24 15:18:57","1","27","<tensorflow>","0",""
"44514","1","Question","2019-01-24 17:21:25","0","324","<python><deep-learning><keras><lstm><rnn>","1",""
"44517","1","Question","2019-01-24 17:47:15","0","3188","<python><scikit-learn><bigdata><k-means>","3",""
"44518","1","Question","2019-01-24 18:08:03","2","2274","<cnn><convolutional-neural-network>","2",""
"44522","1","Question","2019-01-24 18:45:27","1","144","<nlp><dimensionality-reduction>","0",""
"44526","1","Question","2019-01-24 20:03:07","2","197","<python><keras><cnn><convolutional-neural-network>","0",""
"44530","1","Question","2019-01-24 21:47:34","2","62","<machine-learning><scikit-learn><data-mining><visualization><algorithms>","1",""
"44535","1","Question","2019-01-24 23:58:29","4","973","<cnn><mnist>","2",""
"44537","1","Question","2019-01-25 00:54:49","0","867","<machine-learning><neural-network><keras><tensorflow>","1",""
"44544","1","Question","2019-01-25 06:59:45","1","95","<neural-network><image-classification>","1",""
"44546","1","Question","2019-01-25 07:49:00","1","44","<regression><activation-function>","0",""
"44549","1","Question","2019-01-25 09:33:15","4","1173","<machine-learning><loss-function><parameter-estimation>","1",""
"44552","1","Question","2019-01-25 10:30:02","4","193","<neural-network><statistics><rnn><forecast><forecasting>","1","1"
"44553","1","Question","2019-01-25 10:32:31","2","42","<python><data-mining><text-mining><algorithms><optimization>","1",""
"44554","1","Question","2019-01-25 10:36:38","0","13486","<python><historgram>","1",""
"44558","1","Question","2019-01-25 11:37:36","0","109","<algorithms>","1",""
"44561","1","Question","2019-01-25 11:54:48","0","840","<machine-learning><python><time-series><lstm>","2",""
"44565","1","Question","2019-01-25 12:53:34","1","60","<python><keras><time-series><regression><forecast>","0",""
"44573","1","Question","2019-01-25 14:46:52","1","35","<dataset><theory>","0",""
"44578","1","Question","2019-01-25 15:26:30","1","1785","<overfitting>","2",""
"44582","1","Question","2019-01-25 16:54:16","0","86","<python><logistic-regression>","1",""
"44584","1","Question","2019-01-25 18:22:34","0","391","<deep-learning><keras><tensorflow>","1",""
"44586","1","Question","2019-01-25 19:13:11","2","995","<machine-learning><python>","1",""
"44595","1","Question","2019-01-26 03:53:11","0","3749","<keras><multiclass-classification>","1",""
"44597","1","Question","2019-01-26 06:21:26","1","47","<deep-learning><lstm>","0","1"
"56940","1","Question","2019-08-04 21:34:46","1","55","<data>","1","1"
"56944","1","Question","2019-08-04 23:43:26","2","1372","<deep-learning><keras><pytorch>","1","2"
"56948","1","Question","2019-08-05 03:22:39","1","1223","<keras><tensorflow>","1",""
"56949","1","Question","2019-08-05 03:33:16","-1","125","<deep-learning><nlp>","2",""
"56950","1","Question","2019-08-05 03:53:22","1","524","<nlp><text-mining><sentiment-analysis><spacy>","1",""
"56954","1","Question","2019-08-05 04:48:37","2","42","<python><scoring>","1",""
"56955","1","Question","2019-08-05 05:51:23","2","222","<reinforcement-learning><pytorch><nlp><policy-gradients>","1",""
"56959","1","Question","2019-08-05 07:10:07","-2","89","<python><matplotlib>","1",""
"56962","1","Question","2019-08-05 08:02:22","1","586","<python><keras><tensorflow>","1",""
"56965","1","Question","2019-08-05 08:39:39","3","342","<machine-learning><neural-network><deep-learning><classification><graphs>","1","1"
"56971","1","Question","2019-08-05 10:04:12","2","455","<deep-learning><keras><cnn><computer-vision><transfer-learning>","2","1"
"56975","1","Question","2019-08-05 11:21:35","1","126","<automation>","1",""
"56976","1","Question","2019-08-05 11:36:43","0","26","<python><pandas>","1",""
"56977","1","Question","2019-08-05 11:53:47","2","130","<machine-learning><deep-learning><tensorflow>","1","0"
"56979","1","Question","2019-08-05 12:27:20","2","1516","<feature-selection><score>","1",""
"56982","1","Question","2019-08-05 13:04:23","1","191","<machine-learning><discriminant-analysis>","1","0"
"56985","1","Question","2019-08-05 13:29:08","1","111","<machine-learning><time-series><regression><feature-selection><preprocessing>","1",""
"56990","1","Question","2019-08-05 14:14:17","1","38","<dataset><clustering>","2","1"
"56991","1","Question","2019-08-05 14:45:04","1","228","<machine-learning><decision-trees>","1",""
"56993","1","Question","2019-08-05 16:07:05","1","288","<python><graphs>","1",""
"56996","1","Question","2019-08-05 16:18:57","2","22","<image-classification><multiclass-classification><object-detection>","0",""
"57000","1","Question","2019-08-05 17:14:17","3","363","<machine-learning><deep-learning><machine-learning-model><transformer>","1","2"
"57001","1","Question","2019-08-05 17:25:19","4","944","<machine-learning>","2","2"
"57002","1","Question","2019-08-05 17:30:04","2","25","<machine-learning><time-series><rnn><machine-learning-model>","1",""
"57003","1","Question","2019-08-05 17:46:08","0","1143","<machine-learning><pandas><numpy><jupyter><colab>","1","1"
"57005","1","Question","2019-08-05 18:14:33","0","1728","<neural-network><deep-learning><activation-function>","3","1"
"57009","1","Question","2019-08-05 19:41:28","1","499","<classification><machine-learning-model><loss-function>","1",""
"57015","1","Question","2019-08-05 22:26:13","3","29","<nlp>","1",""
"57017","1","Question","2019-08-05 22:57:30","0","10","<rnn><sequence-to-sequence>","1",""
"57020","1","Question","2019-08-05 23:58:24","4","200","<neural-network><visualization><jupyter>","1",""
"44607","1","Question","2019-01-26 10:30:50","0","337","<reinforcement-learning><ai><openai-gym>","2",""
"44611","1","Question","2019-01-26 16:16:54","2","226","<keras><tensorflow>","1","1"
"44613","1","Question","2019-01-26 16:53:48","0","28","<cnn><image-recognition>","1",""
"44617","1","Question","2019-01-26 19:36:50","1","282","<machine-learning><python><multilabel-classification>","1",""
"44621","1","Question","2019-01-26 23:18:17","0","1902","<r>","3","1"
"44624","1","Question","2019-01-27 02:53:33","4","7302","<keras><tensorflow><lstm>","3","3"
"44625","1","Question","2019-01-27 06:16:27","1","58","<machine-learning><deep-learning><transfer-learning>","0",""
"44627","1","Question","2019-01-27 07:54:54","1","455","<python><tensorflow><anaconda>","2",""
"44635","1","Question","2019-01-27 11:22:36","1","828","<machine-learning><neural-network><recommender-system><embeddings>","1",""
"44637","1","Question","2019-01-27 11:50:17","0","281","<machine-learning><neural-network><supervised-learning>","1","1"
"44638","1","Question","2019-01-27 11:54:23","1","23","<classification><data-mining><labels>","0",""
"44640","1","Question","2019-01-27 12:17:44","1","34","<classification><decision-trees>","1",""
"44641","1","Question","2019-01-27 12:30:58","1","53","<python><scikit-learn><data><linear-regression>","1",""
"44643","1","Question","2019-01-27 13:45:38","1","160","<excel><sas>","1",""
"44644","1","Question","2019-01-27 14:01:53","8","16134","<neural-network><keras><feature-selection><rnn><sequence-to-sequence>","2","5"
"44645","1","Question","2019-01-27 14:13:32","1","565","<machine-learning><neural-network><keras><tensorflow>","1",""
"44647","1","Question","2019-01-27 14:44:10","2","365","<neural-network><time-series><overfitting><rnn><data-augmentation>","2",""
"44657","1","Question","2019-01-27 18:20:22","1","105","<image-classification><image-recognition>","3","1"
"44658","1","Question","2019-01-27 19:25:00","1","19","<statistics><ensemble-modeling><variance>","0",""
"44659","1","Question","2019-01-27 19:38:54","1","285","<dataframe>","1",""
"44664","1","Question","2019-01-27 22:11:40","0","39","<machine-learning><machine-learning-model>","1",""
"44668","1","Question","2019-01-28 02:26:19","0","1011","<python><machine-learning-model><data-science-model>","1",""
"44671","1","Question","2019-01-28 03:05:03","1","19","<machine-learning><data-mining>","0",""
"44673","1","Question","2019-01-28 04:04:19","1","67","<machine-learning><neural-network><deep-learning><cnn><image-classification>","2",""
"44674","1","Question","2019-01-28 05:13:45","1","353","<deep-learning>","1",""
"44675","1","Question","2019-01-28 06:20:18","0","22","<model-selection>","1",""
"44678","1","Question","2019-01-28 06:45:34","1","716","<regression><categorical-data><class-imbalance>","1",""
"44679","1","Question","2019-01-28 06:57:39","1","269","<naive-bayes-classifier>","0",""
"44680","1","Question","2019-01-28 07:48:11","1","425","<python><tensorflow><cnn><computer-vision><opencv>","0",""
"44682","1","Question","2019-01-28 08:11:29","0","4731","<pytorch>","2",""
"44693","1","Question","2019-01-28 11:44:21","3","1871","<classification><multiclass-classification>","2","1"
"44694","1","Question","2019-01-28 11:49:17","1","481","<machine-learning><prediction>","1","1"
"44697","1","Question","2019-01-28 12:32:03","1","1133","<machine-learning><classification><nlp><named-entity-recognition>","0",""
"44699","1","Question","2019-01-28 13:15:46","3","106","<neural-network><deep-learning><nlp><word-embeddings>","1","3"
"44700","1","Question","2019-01-28 13:17:11","4","10172","<neural-network><scikit-learn><classifier><mlp>","2","1"
"44703","1","Question","2019-01-28 13:34:41","9","11215","<machine-learning><neural-network><gradient-descent><backpropagation><cost-function>","1","9"
"44707","1","Question","2019-01-28 13:57:16","1","171","<python><data><json><wolfram-language>","1",""
"44708","1","Question","2019-01-28 14:13:57","0","792","<machine-learning><deep-learning><tensorflow><data-augmentation><image-preprocessing>","1",""
"44711","1","Question","2019-01-28 14:34:03","1","1692","<multiclass-classification><class-imbalance><smote>","2",""
"44715","1","Question","2019-01-28 15:21:03","2","172","<pca>","1",""
"44716","1","Question","2019-01-28 15:46:08","1","78","<deep-learning><keras><tensorflow>","1",""
"44717","1","Question","2019-01-28 15:48:32","2","585","<tensorflow><azure-ml>","1",""
"44720","1","Question","2019-01-28 16:08:24","1","74","<clustering><orange><orange3>","2",""
"44727","1","Question","2019-01-28 18:09:24","2","932","<neural-network><training><convolution><matlab>","1",""
"44730","1","Question","2019-01-28 19:19:04","1","300","<python><neural-network>","1",""
"57023","1","Question","2019-08-06 01:25:13","6","1271","<regression><linear-regression><xgboost><distribution>","3","1"
"57025","1","Question","2019-08-06 03:29:50","1","60","<deep-learning><nlp><information-retrieval>","1",""
"57027","1","Question","2019-08-06 06:09:21","1","402","<keras><regression><predictive-modeling><machine-learning-model>","2",""
"57031","1","Question","2019-08-06 07:11:23","1","74","<neural-network><deep-learning><cnn>","2",""
"57034","1","Question","2019-08-06 08:26:51","1","1851","<python><sampling>","2",""
"57036","1","Question","2019-08-06 08:47:16","1","57","<python><classification><machine-learning-model>","1",""
"57038","1","Question","2019-08-06 09:01:30","1","120","<predictive-modeling><prediction><data-science-model><churn>","1","2"
"57045","1","Question","2019-08-06 10:53:38","1","395","<machine-learning><time-series><anomaly-detection>","2",""
"57049","1","Question","2019-08-06 12:19:18","1","34","<dataset><machine-learning-model><neural>","1",""
"57050","1","Question","2019-08-06 12:32:17","5","656","<deep-learning><time-series><lstm>","3","1"
"57058","1","Question","2019-08-06 13:16:51","1","48","<machine-learning><python><dataset><data><supervised-learning>","1",""
"57069","1","Question","2019-08-06 14:44:52","1","307","<machine-learning><classification><time-series><prediction>","1",""
"57071","1","Question","2019-08-06 15:27:40","1","574","<deep-learning><tensorflow><dataset>","1",""
"57076","1","Question","2019-08-06 15:52:31","2","43","<nlp><text-mining><ocr>","1",""
"57081","1","Question","2019-08-06 17:30:55","2","1538","<deep-learning><image-classification><loss-function>","1","1"
"57088","1","Question","2019-08-06 19:29:08","1","1401","<pandas><data-cleaning>","3",""
"57090","1","Question","2019-08-06 19:55:53","1","86","<logistic-regression><research>","2",""
"57091","1","Question","2019-08-06 20:07:25","1","50","<machine-learning>","0",""
"57093","1","Question","2019-08-06 21:33:40","1","54","<accuracy>","0",""
"57094","1","Question","2019-08-06 22:35:45","2","1070","<feature-selection>","1","1"
"57095","1","Question","2019-08-06 23:46:29","1","91","<python><bigdata><apache-spark><apache-hadoop>","0",""
"57096","1","Question","2019-08-06 23:51:14","1","27","<lstm><rnn>","0",""
"57097","1","Question","2019-08-07 01:47:28","6","263","<python><r>","1","1"
"57098","1","Question","2019-08-07 02:03:06","2","5137","<python>","1",""
"57105","1","Question","2019-08-07 05:45:35","3","684","<machine-learning><linear-regression><correlation><collinearity>","3","2"
"57108","1","Question","2019-08-07 06:57:51","1","64","<machine-learning><python><classification><dataset><unsupervised-learning>","1",""
"57112","1","Question","2019-08-07 08:12:33","2","1044","<neural-network><cnn>","1",""
"57114","1","Question","2019-08-07 08:39:16","2","973","<reinforcement-learning><loss-function><mathematics>","2",""
"57115","1","Question","2019-08-07 08:43:15","1","30","<deep-learning><classification><cnn><transfer-learning>","1",""
"57116","1","Question","2019-08-07 08:56:34","1","113","<python><neural-network><tensorflow>","1",""
"57117","1","Question","2019-08-07 09:01:47","-1","1356","<python><numpy>","1",""
"57120","1","Question","2019-08-07 10:03:34","1","132","<deep-learning><rnn><backpropagation>","2","1"
"57122","1","Question","2019-08-07 10:49:18","8","3582","<python><graphs><outlier><matplotlib>","1","4"
"57124","1","Question","2019-08-07 11:07:37","3","781","<machine-learning><neural-network><deep-learning><scikit-learn><transfer-learning>","1","2"
"57126","1","Question","2019-08-07 11:47:31","1","31","<optimization><parallel><methodology>","1",""
"57127","1","Question","2019-08-07 12:01:08","1","13","<neural-network><cnn>","0",""
"57129","1","Question","2019-08-07 12:47:31","1","122","<machine-learning><decision-trees>","3",""
"57140","1","Question","2019-08-07 14:15:05","0","41","<nlp>","1",""
"44731","1","Question","2019-01-28 19:35:36","2","55","<nlp><word2vec>","0",""
"44738","1","Question","2019-01-28 20:27:01","1","7107","<python><dataframe>","1",""
"44744","1","Question","2019-01-28 22:57:10","1","949","<python><word2vec><gensim>","1",""
"44746","1","Question","2019-01-28 23:49:09","0","1632","<data-mining><market-basket-analysis>","1",""
"44750","1","Question","2019-01-29 05:06:56","1","104","<anaconda>","1",""
"44753","1","Question","2019-01-29 06:17:37","1","15","<machine-learning><deep-learning><pytorch>","0",""
"44755","1","Question","2019-01-29 07:21:40","8","3412","<classification><class-imbalance><weighted-data>","1","7"
"44759","1","Question","2019-01-29 09:00:04","0","83","<machine-learning><python><xgboost>","1",""
"44764","1","Question","2019-01-29 09:57:20","0","589","<python><outlier>","1",""
"44768","1","Question","2019-01-29 11:04:38","6","461","<machine-learning><neural-network><deep-learning>","4","1"
"44769","1","Question","2019-01-29 13:42:55","2","55","<social-network-analysis>","0",""
"44774","1","Question","2019-01-29 15:23:35","1","203","<jupyter><kaggle>","1","1"
"44777","1","Question","2019-01-29 16:07:48","1","95","<feature-selection><linear-regression>","3",""
"44778","1","Question","2019-01-29 16:23:55","3","412","<deep-learning><lstm>","1","1"
"44780","1","Question","2019-01-29 17:00:21","1","122","<python><tensorflow>","0",""
"44790","1","Question","2019-01-29 21:57:59","0","651","<python><computer-vision><opencv>","1",""
"44794","1","Question","2019-01-29 23:52:17","5","50","<machine-learning><time-series>","1",""
"44795","1","Question","2019-01-30 00:33:11","1","359","<machine-learning><python><nlp><clustering><similarity>","1",""
"44797","1","Question","2019-01-30 01:14:19","1","13","<machine-learning><q-learning>","0","1"
"44798","1","Question","2019-01-30 03:26:00","0","52","<bigdata><apache-hadoop>","1",""
"44800","1","Question","2019-01-30 05:45:10","2","9008","<python><scikit-learn><recommender-system>","3","1"
"44801","1","Question","2019-01-30 06:04:15","1","32","<neural-network><deep-learning><data-science-model><ai>","0","1"
"44803","1","Question","2019-01-30 06:51:22","1","784","<python><dataset><data><svm><machine-learning-model>","1",""
"44804","1","Question","2019-01-30 09:06:08","1","127","<machine-learning><deep-learning><predictive-modeling><cnn>","1",""
"44811","1","Question","2019-01-30 11:16:36","0","157","<pandas>","1",""
"44813","1","Question","2019-01-30 11:44:39","1","60","<lstm><overfitting><generalization>","0","1"
"44823","1","Question","2019-01-30 17:08:57","1","597","<machine-learning><neural-network><weighted-data><matrix>","1",""
"44831","1","Question","2019-01-30 20:02:20","1","179","<classification><random-forest><recommender-system><multiclass-classification>","2",""
"44836","1","Question","2019-01-30 21:18:08","0","428","<python><text-mining><supervised-learning><lda>","2",""
"44837","1","Question","2019-01-30 21:27:17","1","38","<neural-network><keras>","0","1"
"44839","1","Question","2019-01-31 00:42:33","0","150","<keras><loss-function>","2",""
"44840","1","Question","2019-01-31 01:15:50","0","126","<scikit-learn><tensorflow><algorithms>","1",""
"44843","1","Question","2019-01-31 04:28:42","0","529","<machine-learning><python>","1",""
"44845","1","Question","2019-01-31 06:16:49","1","620","<python><feature-selection><correlation>","2",""
"44846","1","Question","2019-01-31 06:54:43","2","261","<machine-learning><training><scalability>","5","1"
"44850","1","Question","2019-01-31 08:36:48","2","162","<neural-network><convolution>","0",""
"44851","1","Question","2019-01-31 08:49:03","-1","76","<dataframe>","1",""
"44852","1","Question","2019-01-31 09:13:00","2","116","<feature-selection><ranking><information-theory><mutual-information>","0","1"
"57145","1","Question","2019-08-07 14:38:36","0","197","<neural-network><deep-learning><convolution><backpropagation>","0",""
"57146","1","Question","2019-08-07 14:45:41","0","164","<python><anomaly-detection><convolutional-neural-network>","2",""
"57147","1","Question","2019-08-07 14:49:00","1","33","<python><kaggle>","0",""
"57153","1","Question","2019-08-07 16:40:12","1","13","<google>","0","1"
"57155","1","Question","2019-08-07 17:22:49","1","791","<machine-learning><classification><probability-calibration>","1",""
"57157","1","Question","2019-08-07 17:48:03","2","1353","<python><neural-network><tensorflow><gpu>","2",""
"57159","1","Question","2019-08-07 18:16:15","1","92","<logistic-regression><model-selection>","0",""
"57160","1","Question","2019-08-07 18:45:31","2","8110","<python><matplotlib><seaborn>","1",""
"57163","1","Question","2019-08-07 20:04:23","1","88","<machine-learning><time-series><regression><feature-selection><feature-engineering>","0","1"
"57166","1","Question","2019-08-07 20:56:57","0","75","<machine-learning><scikit-learn><optimization>","1",""
"57170","1","Question","2019-08-07 21:43:08","1","70","<python><deep-learning><time-series><lstm><forecasting>","1",""
"57171","1","Question","2019-08-07 21:50:27","2","6846","<machine-learning><keras><tensorflow><machine-learning-model>","1","2"
"57172","1","Question","2019-08-07 21:50:32","3","56","<machine-learning><deep-learning><neural-network><convolutional-neural-network>","2",""
"57173","1","Question","2019-08-07 22:19:28","1","450","<r><training><prediction><finance>","2",""
"57176","1","Question","2019-08-08 01:20:09","1","96","<neural-network>","3",""
"57177","1","Question","2019-08-08 02:29:56","0","57","<reinforcement-learning><discounted-reward>","1",""
"57178","1","Question","2019-08-08 02:56:19","1","53","<python><geospatial>","1",""
"57184","1","Question","2019-08-08 05:00:22","0","33","<pca><dimensionality-reduction>","1",""
"57185","1","Question","2019-08-08 05:38:52","3","208","<machine-learning><image-classification><pytorch><convolutional-neural-network>","1","1"
"57191","1","Question","2019-08-08 06:31:30","3","2233","<nlp><nltk><stemming>","2",""
"57192","1","Question","2019-08-08 06:57:49","1","2107","<classification><scikit-learn><random-forest><evaluation>","1",""
"57194","1","Question","2019-08-08 07:15:01","0","258","<python><visualization><correlation><matplotlib><heatmap>","1",""
"57200","1","Question","2019-08-08 08:39:10","1","706","<machine-learning><python><classification><keras><scikit-learn>","1",""
"57206","1","Question","2019-08-08 09:35:27","3","2114","<feature-selection><regularization><lightgbm>","2","0"
"57220","1","Question","2019-08-08 10:25:50","2","45","<tensorflow><text-mining><nltk>","0",""
"57225","1","Question","2019-08-08 11:36:29","2","784","<scikit-learn><random-forest><class-imbalance><grid-search>","1","0"
"57226","1","Question","2019-08-08 11:53:43","0","118","<python><visualization><matplotlib>","1",""
"57227","1","Question","2019-08-08 12:10:19","0","168","<machine-learning>","2",""
"57228","1","Question","2019-08-08 12:14:33","0","129","<ndcg>","1",""
"57232","1","Question","2019-08-08 13:01:49","2","22","<python><svm><kernel>","0","0"
"57233","1","Question","2019-08-08 13:08:26","1","88","<machine-learning><deep-learning><evaluation><object-detection><yolo>","0","2"
"57234","1","Question","2019-08-08 13:19:42","1","39","<redshift>","1",""
"44853","1","Question","2019-01-31 09:28:56","1","434","<machine-learning><clustering><k-means><fuzzy-logic>","1","1"
"44863","1","Question","2019-01-31 13:42:09","3","315","<machine-learning>","4",""
"44866","1","Question","2019-01-31 14:16:49","1","826","<tensorflow>","1",""
"44870","1","Question","2019-01-31 15:45:41","1","77","<machine-learning-model><kaggle>","0",""
"44871","1","Question","2019-01-31 15:57:53","1","32045","<python><computer-vision><opencv>","2",""
"44875","1","Question","2019-01-31 19:13:36","0","32","<machine-learning><classification><performance>","1",""
"44876","1","Question","2019-01-31 19:58:54","1","76","<nlp><text-mining><text>","0",""
"44880","1","Question","2019-01-31 22:51:31","5","208","<neural-network><linear-regression><svm><naive-bayes-classifier><perceptron>","4","1"
"44883","1","Question","2019-02-01 00:02:15","9","9097","<deep-learning><keras><tensorflow><multiclass-classification><class-imbalance>","6","2"
"44884","1","Question","2019-02-01 00:11:05","2","780","<machine-learning><data-mining><dataset>","2","1"
"44889","1","Question","2019-02-01 04:16:08","2","671","<deep-learning><visualization><word2vec><tsne>","2","1"
"44890","1","Question","2019-02-01 04:59:28","1","13","<prediction><linear-algebra>","0",""
"44893","1","Question","2019-02-01 06:18:21","1","514","<clustering><k-means><features>","1",""
"44895","1","Question","2019-02-01 07:00:14","1","291","<machine-learning><deep-learning><lstm><rnn><data-science-model>","1",""
"44896","1","Question","2019-02-01 08:06:31","2","93","<machine-learning><optimization><machine-learning-model>","1",""
"44897","1","Question","2019-02-01 08:17:46","2","4264","<clustering><k-means>","2","1"
"44899","1","Question","2019-02-01 08:50:33","2","636","<python><time-series><pandas><forecasting>","1",""
"44904","1","Question","2019-02-01 10:26:58","1","358","<loss-function><gan><game>","1",""
"44910","1","Question","2019-02-01 12:15:54","8","263","<machine-learning><deep-learning><neural-network><gan><generative-models>","3","4"
"44913","1","Question","2019-02-01 13:15:31","1","39","<machine-learning>","3",""
"44915","1","Question","2019-02-01 13:30:06","0","50","<nlp>","1",""
"44923","1","Question","2019-02-01 15:50:27","1","584","<dataset><prediction><marketing>","4","1"
"44925","1","Question","2019-02-01 16:33:45","-1","42","<machine-learning><neural-network><deep-learning><nlp>","1",""
"44928","1","Question","2019-02-01 17:05:44","0","293","<python><keras><tensorflow>","1",""
"44930","1","Question","2019-02-01 17:12:31","1","17","<text-generation><state-of-the-art>","0",""
"44933","1","Question","2019-02-01 18:34:56","3","289","<deep-learning><cnn><convolutional-neural-network>","1",""
"44936","1","Question","2019-02-01 18:49:09","2","2346","<neural-network><keras><multilabel-classification>","1",""
"44938","1","Question","2019-02-01 19:09:41","1","17","<machine-learning><python><scikit-learn><predictive-modeling><sql>","0",""
"44940","1","Question","2019-02-01 20:29:22","1","105","<python><pandas>","1",""
"44941","1","Question","2019-02-01 20:39:46","2","519","<python><scikit-learn><random-forest><apache-spark><pyspark>","0",""
"44944","1","Question","2019-02-01 21:54:18","1","185","<machine-learning><algorithms><boosting>","2","1"
"44947","1","Question","2019-02-01 23:10:17","2","69","<predictive-modeling><machine-learning-model>","2",""
"44948","1","Question","2019-02-01 23:21:38","1","113","<linear-regression><gradient-descent>","1","1"
"44949","1","Question","2019-02-02 00:03:59","1","34","<terminology>","1",""
"44950","1","Question","2019-02-02 03:23:13","1","706","<machine-learning><scikit-learn><cross-validation>","0","1"
"44952","1","Question","2019-02-02 03:56:58","1","68","<neural-network><ann>","0","1"
"44953","1","Question","2019-02-02 05:42:13","1","77","<machine-learning><linear-algebra>","0",""
"44961","1","Question","2019-02-02 08:36:54","0","26","<machine-learning><time-series><rnn><forecast><forecasting>","1",""
"44966","1","Question","2019-02-02 11:53:50","1","160","<neural-network><keras><time-series><rnn><sequence-to-sequence>","0",""
"57241","1","Question","2019-08-08 14:44:01","1","23","<probability>","1",""
"57242","1","Question","2019-08-08 14:44:07","1","384","<python><time-series><visualization><supervised-learning><labels>","0",""
"57243","1","Question","2019-08-08 15:02:42","1","19225","<python><scikit-learn>","3","0"
"57245","1","Question","2019-08-08 15:33:39","15","27189","<python><seaborn>","4","3"
"57248","1","Question","2019-08-08 15:59:38","2","24","<random-forest><decision-trees>","2","0"
"57254","1","Question","2019-08-08 17:01:44","2","513","<python><nlp><word2vec><unsupervised-learning><gensim>","1","1"
"57255","1","Question","2019-08-08 17:08:44","13","8232","<xgboost><regularization><lightgbm>","2","5"
"57256","1","Question","2019-08-08 17:25:02","8","1800","<machine-learning><random-forest><decision-trees><algorithms>","3","1"
"57265","1","Question","2019-08-08 19:12:55","1","48","<visualization>","2",""
"57267","1","Question","2019-08-08 19:45:23","5","426","<machine-learning><neural-network><regularization>","2",""
"57271","1","Question","2019-08-08 20:57:06","2","293","<machine-learning><logistic-regression><regularization>","1","1"
"57272","1","Question","2019-08-08 21:19:15","1","781","<nlp><clustering><dbscan>","1",""
"57275","1","Question","2019-08-08 22:45:18","2","199","<time-series><statistics><similarity><correlation><simulation>","0",""
"57276","1","Question","2019-08-08 23:09:44","4","131","<cross-validation><model-selection>","1","0"
"57279","1","Question","2019-08-09 00:02:23","-1","117","<machine-learning><clustering><image-classification>","1",""
"57283","1","Question","2019-08-09 01:54:07","2","37","<classification><nlp>","0","1"
"57286","1","Question","2019-08-09 03:24:54","3","1459","<lstm><rnn>","1","1"
"57289","1","Question","2019-08-09 06:13:26","0","160","<machine-learning><classification><data>","3",""
"57296","1","Question","2019-08-09 08:12:16","2","759","<probability><mathematics>","2",""
"57297","1","Question","2019-08-09 08:42:56","2","458","<tensorflow>","1",""
"57298","1","Question","2019-08-09 09:27:51","1","62","<neural-network><cnn><image-classification><cross-validation>","2",""
"57301","1","Question","2019-08-09 09:35:42","2","24","<lstm><pytorch>","0",""
"57302","1","Question","2019-08-09 09:46:37","0","374","<machine-learning><feature-selection><data><3d-reconstruction>","1",""
"57310","1","Question","2019-08-09 10:52:38","2","8362","<neural-network><keras><tensorflow><data-science-model>","3",""
"57312","1","Question","2019-08-09 11:14:46","0","39","<classification><r><clustering>","1",""
"57315","1","Question","2019-08-09 12:00:27","1","17","<anomaly-detection><normalization>","0",""
"57317","1","Question","2019-08-09 12:44:29","3","259","<lstm><pytorch><sequence>","0",""
"57322","1","Question","2019-08-09 14:09:28","1","65","<machine-learning><neural-network><self-driving>","1",""
"44967","1","Question","2019-02-02 13:26:24","1","24","<feature-selection>","0",""
"44969","1","Question","2019-02-02 17:20:12","0","96","<python><keras><tensorflow>","1",""
"44971","1","Question","2019-02-02 19:00:35","1","1009","<gpu><epochs>","1",""
"44973","1","Question","2019-02-02 19:34:25","1","131","<machine-learning><python><predictive-modeling>","2",""
"44975","1","Question","2019-02-02 20:24:01","1","32","<nlp><cross-validation><multilabel-classification><randomized-algorithms>","0",""
"44980","1","Question","2019-02-02 23:43:53","0","2932","<classification><predictive-modeling><logistic-regression><xgboost>","3",""
"44981","1","Question","2019-02-03 03:12:52","2","237","<deep-learning><nlp><text-generation>","1","1"
"44986","1","Question","2019-02-03 09:46:38","2","1569","<time-series><lstm><prediction>","2","1"
"44987","1","Question","2019-02-03 10:39:54","0","39","<time-series><rnn><linear-regression>","1",""
"44990","1","Question","2019-02-03 11:42:30","1","22","<machine-learning><deep-learning><statistics>","1",""
"44992","1","Question","2019-02-03 12:10:15","2","38","<similarity><cosine-distance><jaccard-coefficient>","1",""
"44995","1","Question","2019-02-03 14:22:25","4","11342","<python><visualization><matplotlib>","1",""
"44996","1","Question","2019-02-03 14:23:41","1","555","<matlab><image-preprocessing>","0",""
"44999","1","Question","2019-02-03 16:29:55","1","118","<python><numpy><scipy><matrix>","1",""
"45001","1","Question","2019-02-03 17:27:30","0","52","<r><data-imputation>","1",""
"45003","1","Question","2019-02-03 19:47:09","-1","566","<dataset><image-classification>","1",""
"45004","1","Question","2019-02-03 20:15:48","1","190","<machine-learning><classification><data-mining><xgboost><prediction>","2",""
"45008","1","Question","2019-02-04 00:12:21","1","19","<visualization><svm><supervised-learning>","0",""
"45011","1","Question","2019-02-04 01:02:42","0","313","<pandas>","1",""
"45015","1","Question","2019-02-04 03:44:27","4","2523","<neural-network><deep-learning><tensorflow>","1","2"
"45018","1","Question","2019-02-04 05:48:02","1","181","<random-forest><multiclass-classification><class-imbalance><sampling>","0",""
"45019","1","Question","2019-02-04 05:55:38","3","168","<tensorflow><pytorch>","0","1"
"45023","1","Question","2019-02-04 09:05:24","1","88","<nlp>","0","1"
"45027","1","Question","2019-02-04 11:03:58","1","281","<deep-learning><cnn><convolution>","0","2"
"45028","1","Question","2019-02-04 11:18:01","3","1086","<scikit-learn><logistic-regression>","1",""
"45033","1","Question","2019-02-04 12:10:56","3","705","<nlp>","2",""
"45036","1","Question","2019-02-04 13:39:51","0","75","<deep-learning><lstm>","1",""
"45039","1","Question","2019-02-04 14:46:24","5","541","<deep-learning><cnn><training><gan>","2","2"
"45041","1","Question","2019-02-04 16:08:30","0","1629","<machine-learning><python><classification><scikit-learn>","1",""
"45046","1","Question","2019-02-04 16:32:21","9","3732","<machine-learning><scikit-learn><cross-validation><sampling><class-imbalance>","1","4"
"45052","1","Question","2019-02-04 21:25:49","1","27","<autoencoder><hyperparameter><generative-models><hyperparameter-tuning>","0",""
"45054","1","Question","2019-02-04 22:45:45","0","1632","<scikit-learn><outlier>","3",""
"45057","1","Question","2019-02-05 01:21:37","0","62","<reinforcement-learning><policy-gradients><actor-critic>","2",""
"45061","1","Question","2019-02-05 03:04:19","1","54","<machine-learning><time-series><clustering><similarity>","0",""
"45067","1","Question","2019-02-05 06:11:55","1","140","<machine-learning><python><naive-bayes-classifier><tfidf>","0",""
"45068","1","Question","2019-02-05 06:35:04","2","303","<machine-learning><neural-network><deep-learning><supervised-learning><performance>","0",""
"45070","1","Question","2019-02-05 07:28:04","4","118","<neural-network><lstm><rnn>","1","1"
"45074","1","Question","2019-02-05 10:02:16","3","8849","<python><pandas>","2",""
"45075","1","Question","2019-02-05 10:02:24","1","8261","<python><pandas>","1",""
"45083","1","Question","2019-02-05 11:20:29","1","716","<r><dataframe><programming><dplyr>","1",""
"45084","1","Question","2019-02-05 11:57:00","1","196","<loss-function>","1",""
"45086","1","Question","2019-02-05 12:03:37","2","458","<keras><tensorflow>","1",""
"45089","1","Question","2019-02-05 12:44:40","1","152","<pandas>","4",""
"45098","1","Question","2019-02-05 15:06:04","1","26","<neural-network><training>","0",""
"45102","1","Question","2019-02-05 15:45:10","3","244","<python><pandas><numpy><jupyter>","1",""
"45103","1","Question","2019-02-05 16:19:07","2","66","<neural-network><deep-learning>","2","0"
"45104","1","Question","2019-02-05 16:19:40","0","500","<tensorflow>","1",""
"45107","1","Question","2019-02-05 16:44:46","1","23","<predictive-modeling>","0","1"
"45114","1","Question","2019-02-05 18:48:48","1","40","<predictive-modeling><unsupervised-learning><supervised-learning>","1",""
"45117","1","Question","2019-02-05 19:37:02","1","401","<python><neural-network><rnn><pytorch>","0",""
"45118","1","Question","2019-02-05 20:38:56","5","14740","<python><r>","1","1"
"45119","1","Question","2019-02-05 20:55:27","1","27","<classification>","1",""
"45121","1","Question","2019-02-05 20:57:25","2","70","<machine-learning><python><r><machine-learning-model><azure-ml>","1",""
"45124","1","Question","2019-02-05 21:52:45","6","3044","<python><pytorch>","2","1"
"45128","1","Question","2019-02-06 03:26:47","2","244","<machine-learning><sampling>","1",""
"57325","1","Question","2019-08-09 17:19:56","3","650","<machine-learning><classification><k-nn>","3",""
"57326","1","Question","2019-08-09 17:33:30","2","257","<deep-learning><tensorflow><nlp>","0",""
"57332","1","Question","2019-08-09 20:08:14","1","70","<machine-learning><deep-learning><cnn><rnn>","0",""
"57338","1","Question","2019-08-09 23:43:52","0","1215","<categorical-data><class-imbalance><smotenc>","1",""
"57341","1","Question","2019-08-10 06:48:49","1","47","<machine-learning><regression>","1",""
"57342","1","Question","2019-08-10 08:20:48","1","162","<python><classification><svm>","1",""
"57343","1","Question","2019-08-10 08:33:00","2","414","<scikit-learn><distance><k-nn>","1","0"
"57346","1","Question","2019-08-10 08:53:31","0","44","<r><sql>","1",""
"57347","1","Question","2019-08-10 09:47:47","1","34","<machine-learning><data-mining>","1",""
"57353","1","Question","2019-08-10 12:33:34","0","249","<python><neural-network><scikit-learn><mlp>","1",""
"57357","1","Question","2019-08-10 13:40:05","2","45","<regularization>","1",""
"57364","1","Question","2019-08-10 19:32:02","1","28","<keras><nlp><optimization>","1",""
"57366","1","Question","2019-08-10 21:55:46","3","255","<explainable-ai><shap>","1","3"
"57367","1","Question","2019-08-10 22:24:49","4","306","<classification><research>","5","1"
"57368","1","Question","2019-08-11 00:17:29","1","74","<classification>","1",""
"57371","1","Question","2019-08-11 02:38:59","2","141","<machine-learning><python><feature-selection><random-forest><dimensionality-reduction>","2",""
"57374","1","Question","2019-08-11 10:44:10","2","208","<cnn><image>","0",""
"57378","1","Question","2019-08-11 13:47:54","1","198","<machine-learning><python><scikit-learn><random-forest><grid-search>","2",""
"57393","1","Question","2019-08-11 18:09:20","1","142","<python><numpy>","1",""
"57396","1","Question","2019-08-11 19:21:51","1","27","<rnn><loss-function><backpropagation>","0",""
"57398","1","Question","2019-08-11 20:45:43","3","129","<preprocessing><categorical-data>","1","0"
"57399","1","Question","2019-08-11 21:14:56","2","628","<neural-network><regression><random-forest><cross-validation><overfitting>","1",""
"57401","1","Question","2019-08-11 21:38:06","1","43","<gaussian-process>","2",""
"57405","1","Question","2019-08-11 22:39:52","6","424","<dataset><data-cleaning><missing-data><data-imputation>","2",""
"57406","1","Question","2019-08-11 23:16:18","1","113","<python>","2",""
"57409","1","Question","2019-08-11 23:55:55","1","984","<r><rstudio>","1",""
"57413","1","Question","2019-08-12 01:17:47","1","40","<machine-learning><cnn><loss-function><backpropagation><convolutional-neural-network>","0",""
"57415","1","Question","2019-08-12 01:51:24","1","265","<scikit-learn><decision-trees><prediction>","1",""
"57419","1","Question","2019-08-12 05:32:58","1","702","<deep-learning>","1",""
"57423","1","Question","2019-08-12 07:24:58","-1","219","<dataset><data><pytorch><beginner>","1",""
"57424","1","Question","2019-08-12 07:33:28","-1","43","<machine-learning><r><machine-learning-model>","1",""
"57427","1","Question","2019-08-12 08:36:37","0","871","<machine-learning><deep-learning><time-series><anomaly-detection>","3",""
"57435","1","Question","2019-08-12 12:42:39","6","1566","<machine-learning><deep-learning><recommender-system>","1","7"
"57436","1","Question","2019-08-12 13:44:40","1","36","<machine-learning><dataset><rnn><supervised-learning>","2",""
"57437","1","Question","2019-08-12 14:00:22","2","30","<time-series><lstm><forecasting>","0",""
"57443","1","Question","2019-08-12 16:30:25","3","488","<machine-learning><python><feature-selection><correlation>","1",""
"57444","1","Question","2019-08-12 16:31:23","2","19","<machine-learning>","1",""
"57449","1","Question","2019-08-12 18:02:44","1","78","<python><nlp><feature-construction>","1","1"
"57452","1","Question","2019-08-12 20:38:37","1","90","<machine-learning><neural-network><keras><lstm><stacked-lstm>","0",""
"57454","1","Question","2019-08-12 21:01:14","1","193","<cnn><overfitting><regularization>","0",""
"57456","1","Question","2019-08-12 22:18:02","1","18","<machine-learning><regression><predictive-modeling><metric>","1",""
"57459","1","Question","2019-08-12 22:48:35","2","950","<machine-learning><time-series><forecasting>","2",""
"57461","1","Question","2019-08-13 02:14:09","1","105","<python><classification><regression><predictive-modeling><model-selection>","1",""
"57463","1","Question","2019-08-13 03:43:35","3","98","<machine-learning><k-nn>","0",""
"57465","1","Question","2019-08-13 04:21:20","0","77","<feature-engineering>","1",""
"57466","1","Question","2019-08-13 04:42:36","4","60","<gradient-descent><cost-function>","2",""
"57469","1","Question","2019-08-13 06:28:48","1","11","<ensemble-modeling>","0",""
"45129","1","Question","2019-02-06 03:57:30","1","3884","<python><time-series><lstm><matlab>","1",""
"45133","1","Question","2019-02-06 05:13:53","1","1048","<python><data-mining><data-cleaning>","2",""
"45136","1","Question","2019-02-06 05:55:24","1","19","<python><data-mining><data-cleaning>","1",""
"45137","1","Question","2019-02-06 06:31:51","1","153","<machine-learning><time-series><correlation><similarity>","1",""
"45139","1","Question","2019-02-06 07:31:29","0","38","<python><map-reduce>","1",""
"45143","1","Question","2019-02-06 08:36:38","1","37","<nlp><naive-bayes-classifier><ngrams>","0",""
"45144","1","Question","2019-02-06 08:56:45","1","2095","<machine-learning><pandas><pyspark>","2",""
"45148","1","Question","2019-02-06 09:24:17","2","4486","<r><data-mining><dataset><dplyr>","1","1"
"45149","1","Question","2019-02-06 09:37:59","2","747","<nlp><sentiment-analysis>","1",""
"45151","1","Question","2019-02-06 10:14:49","0","49","<python><data-mining><data-cleaning>","1",""
"45153","1","Question","2019-02-06 10:37:31","1","53","<machine-learning>","1",""
"45154","1","Question","2019-02-06 10:40:51","1","880","<tensorflow><lstm><rnn><data-science-model>","0",""
"45156","1","Question","2019-02-06 10:58:20","2","3289","<python><data-mining><text-mining><data-cleaning>","2",""
"45157","1","Question","2019-02-06 10:58:23","1","26","<data><preprocessing>","0",""
"45158","1","Question","2019-02-06 11:01:01","1","133","<text-mining><orange><orange3>","0",""
"45163","1","Question","2019-02-06 12:31:40","3","2004","<python><nlp><class-imbalance><imbalanced-learn>","3",""
"45165","1","Question","2019-02-06 13:29:24","46","97670","<machine-learning><neural-network><deep-learning><classification><keras>","5","15"
"45168","1","Question","2019-02-06 13:57:33","2","76","<deep-learning><classification><cnn><computer-vision><image-preprocessing>","0","2"
"45169","1","Question","2019-02-06 14:23:36","2","18","<data-mining><machine-learning-model>","0",""
"45170","1","Question","2019-02-06 14:31:11","1","30","<r>","1",""
"45174","1","Question","2019-02-06 15:51:53","6","11242","<machine-learning><scikit-learn><multilabel-classification>","3","2"
"45176","1","Question","2019-02-06 16:50:59","1","42","<python><optimization>","1",""
"45177","1","Question","2019-02-06 16:51:27","1","1364","<tensorflow>","1",""
"45178","1","Question","2019-02-06 17:24:27","1","32","<beginner><education>","1",""
"45179","1","Question","2019-02-06 17:26:20","1","45","<python><keras><tensorflow>","1",""
"45180","1","Question","2019-02-06 17:37:49","6","104","<feature-selection><random-forest><decision-trees><predictor-importance>","1","1"
"45183","1","Question","2019-02-06 18:56:27","2","296","<nlp><recommender-system><word-embeddings>","1",""
"45184","1","Question","2019-02-06 19:24:17","2","27","<dataset>","1",""
"45189","1","Question","2019-02-06 22:44:04","1","10","<time-series>","0",""
"45190","1","Question","2019-02-07 04:49:52","1","59","<nlp><language-model>","0",""
"45197","1","Question","2019-02-07 08:37:05","1","79","<machine-learning><deep-learning><supervised-learning>","1",""
"45200","1","Question","2019-02-07 09:06:03","2","50","<machine-learning><neural-network><cnn>","1",""
"45202","1","Question","2019-02-07 09:46:19","2","67","<predictive-modeling><model-selection><evaluation><scoring>","1",""
"45203","1","Question","2019-02-07 09:53:25","1","65","<r><data-mining><visualization><ggplot2>","1",""
"45204","1","Question","2019-02-07 09:56:54","1","74","<nlp>","0",""
"45208","1","Question","2019-02-07 10:14:38","1","642","<keras><scikit-learn><cross-validation><class-imbalance>","2",""
"45211","1","Question","2019-02-07 10:47:30","2","55","<machine-learning><regression><statistics><logistic-regression>","1",""
"45214","1","Question","2019-02-07 12:37:57","2","114","<dataset><training>","1",""
"45216","1","Question","2019-02-07 12:46:53","1","36","<time-series><lstm><rnn><sequence-to-sequence><stacked-lstm>","0",""
"45220","1","Question","2019-02-07 15:37:42","-1","163","<machine-learning><clustering><similarity><pca><dimensionality-reduction>","2",""
"45221","1","Question","2019-02-07 15:48:51","2","30","<training><labels><binary><classifier>","0",""
"45223","1","Question","2019-02-07 16:10:54","1","58","<machine-learning><ensemble-modeling>","2",""
"45224","1","Question","2019-02-07 18:00:45","1","265","<python><keras>","0","1"
"45228","1","Question","2019-02-07 18:47:25","1","2166","<machine-learning><keras><time-series><lstm>","1","3"
"45230","1","Question","2019-02-07 18:59:38","1","106","<machine-learning><classification><svm><fuzzy-logic>","0",""
"45231","1","Question","2019-02-07 19:32:24","1","247","<time-series><clustering>","1",""
"45236","1","Question","2019-02-07 23:23:03","4","745","<statistics><distribution><excel><churn>","3",""
"45237","1","Question","2019-02-07 23:53:36","1","19","<colab>","0",""
"45238","1","Question","2019-02-08 02:51:26","3","620","<naive-bayes-classifier><missing-data>","2",""
"45239","1","Question","2019-02-08 04:13:36","1","6506","<python><regression>","1",""
"45240","1","Question","2019-02-08 04:34:06","1","75","<neural-network><cnn><transfer-learning><neural>","1",""
"45243","1","Question","2019-02-08 06:09:06","3","133","<machine-learning><neural-network><reinforcement-learning>","2","1"
"45246","1","Question","2019-02-08 08:49:04","3","3935","<deep-learning><neural-network><keras><tensorflow><convolutional-neural-network>","1",""
"45251","1","Question","2019-02-08 09:37:25","1","195","<classification><scikit-learn><data-mining><text-mining><word2vec>","1",""
"45254","1","Question","2019-02-08 09:47:49","3","104","<data-mining><time-series><predictive-modeling><statistics><prediction>","1","1"
"45255","1","Question","2019-02-08 10:14:25","5","1621","<naive-bayes-classifier><outlier><bayesian>","2","2"
"45256","1","Question","2019-02-08 10:29:29","0","1459","<machine-learning><regression><statistics>","1",""
"45263","1","Question","2019-02-08 12:46:10","0","101","<machine-learning><feature-selection><feature-extraction><feature-engineering><machine-learning-model>","1",""
"57472","1","Question","2019-08-13 07:05:32","1","40","<python>","2",""
"57476","1","Question","2019-08-13 08:07:44","1","131","<reinforcement-learning>","1",""
"57480","1","Question","2019-08-13 08:54:54","0","35","<random-forest>","1",""
"57481","1","Question","2019-08-13 09:00:08","1","92","<machine-learning-model><apache-spark><pipelines>","1",""
"57482","1","Question","2019-08-13 09:01:00","0","72","<tableau>","1",""
"57487","1","Question","2019-08-13 11:05:29","1","13357","<python><pandas>","2",""
"57489","1","Question","2019-08-13 11:23:19","1","166","<nlp><nltk><parsing>","1",""
"57492","1","Question","2019-08-13 12:21:57","1","164","<python><neural-network><keras>","2",""
"57497","1","Question","2019-08-13 12:53:29","2","165","<optimization><gradient-descent><regularization>","1","1"
"57502","1","Question","2019-08-13 15:29:05","1","158","<r><time-series><variance>","1",""
"57503","1","Question","2019-08-13 15:38:32","0","155","<python><tensorflow><time-series><cnn>","1",""
"57505","1","Question","2019-08-13 16:17:51","1","81","<machine-learning><python><machine-learning-model>","2",""
"57510","1","Question","2019-08-13 19:55:22","0","32","<clustering><bioinformatics>","1",""
"57520","1","Question","2019-08-13 22:37:05","1","23","<machine-learning>","1",""
"57524","1","Question","2019-08-13 23:58:37","1","1161","<deep-learning><opencv>","0",""
"57529","1","Question","2019-08-14 07:36:52","0","18","<r>","1",""
"57532","1","Question","2019-08-14 08:10:56","3","88","<dataset><statistics><probability>","1","1"
"57533","1","Question","2019-08-14 08:18:07","1","94","<neural-network><convolution>","0",""
"57537","1","Question","2019-08-14 09:55:55","1","668","<python><pandas><dataframe><python-3.x><excel>","1",""
"57542","1","Question","2019-08-14 11:47:15","2","34","<neural-network><keras><word2vec><numpy>","1",""
"57547","1","Question","2019-08-14 12:52:50","2","229","<xgboost><probability-calibration><score>","2",""
"57548","1","Question","2019-08-14 13:17:18","1","396","<python><scikit-learn><random-forest><outlier>","1",""
"57549","1","Question","2019-08-14 14:58:17","2","91","<project-planning><management>","1","1"
"57550","1","Question","2019-08-14 15:01:52","1","38","<python><numpy>","0",""
"57553","1","Question","2019-08-14 15:28:31","1","797","<data-mining><aws><sagemaker>","1",""
"57555","1","Question","2019-08-14 15:33:52","4","65","<machine-learning><random-forest>","2","1"
"57560","1","Question","2019-08-14 16:29:02","0","14","<scikit-learn><data-science-model><pca><dimensionality-reduction>","0",""
"57563","1","Question","2019-08-14 17:28:37","1","178","<python><scikit-learn><linear-regression><gradient-descent><implementation>","0","1"
"57565","1","Question","2019-08-14 18:10:16","1","24","<machine-learning><deep-learning><algorithms><prediction>","1",""
"57566","1","Question","2019-08-14 18:37:25","5","50","<nlp><named-entity-recognition>","1","0"
"57568","1","Question","2019-08-14 19:45:53","2","188","<machine-learning><random-forest><decision-trees><machine-learning-model>","2",""
"57569","1","Question","2019-08-14 19:54:00","3","293","<machine-learning><python><gradient-descent>","1","1"
"57570","1","Question","2019-08-14 21:21:23","1","90","<machine-learning><feature-selection><data-science-model>","2","1"
"57573","1","Question","2019-08-14 22:18:46","0","175","<machine-learning><neural-network><deep-learning><data-science-model>","1",""
"57581","1","Question","2019-08-15 08:15:01","1","78","<scikit-learn><k-nn><metric>","1","0"
"45276","1","Question","2019-02-08 17:36:13","3","599","<machine-learning><python><deep-learning><tensorflow>","1","1"
"45277","1","Question","2019-02-08 18:30:04","1","112","<pandas>","0",""
"45279","1","Question","2019-02-08 19:31:01","2","34","<classification><accuracy><metric>","2",""
"45281","1","Question","2019-02-08 21:23:21","1","5746","<machine-learning><neural-network><deep-learning><keras>","2",""
"45282","1","Question","2019-02-08 22:09:13","4","6163","<cnn>","1","5"
"45284","1","Question","2019-02-08 23:04:18","1","430","<machine-learning><feature-engineering>","1",""
"45285","1","Question","2019-02-09 00:14:07","7","1526","<neural-network><regression><logistic-regression><loss-function><probability>","2","2"
"45286","1","Question","2019-02-09 00:20:54","1","34","<neural-network><feature-engineering><gradient-descent>","1",""
"45287","1","Question","2019-02-09 01:48:15","1","17","<machine-learning><classification><data-mining><decision-trees><scoring>","0","1"
"45288","1","Question","2019-02-09 03:49:28","1","76","<machine-learning><rbm>","1",""
"45289","1","Question","2019-02-09 04:53:37","1","210","<python>","2","1"
"45291","1","Question","2019-02-09 07:23:35","0","65","<clustering>","1",""
"45292","1","Question","2019-02-09 07:27:55","1","229","<machine-learning><neural-network><image-classification><image-recognition>","2","1"
"45293","1","Question","2019-02-09 07:39:51","3","455","<python><time-series>","2","1"
"45298","1","Question","2019-02-09 09:44:36","1","48","<excel>","0",""
"45300","1","Question","2019-02-09 09:50:29","1","760","<python><neural-network><rnn><feature-construction>","1",""
"45302","1","Question","2019-02-09 12:13:57","1","19","<machine-learning><svm>","0",""
"45308","1","Question","2019-02-09 15:06:02","1","13","<data-mining><dataset><data-cleaning>","0",""
"45309","1","Question","2019-02-09 15:11:13","1","286","<keras><version-control>","0",""
"45311","1","Question","2019-02-09 17:09:14","1","7047","<python><dataset><pandas><numpy><dataframe>","1","1"
"45312","1","Question","2019-02-09 17:22:44","1","325","<keras><multilabel-classification>","0",""
"45314","1","Question","2019-02-09 18:24:50","12","146211","<python><pandas>","3","5"
"45318","1","Question","2019-02-09 21:52:15","1","17","<neural-network><keras><tensorflow><cnn><pytorch>","1",""
"45319","1","Question","2019-02-09 23:03:38","2","2202","<machine-learning><python><scikit-learn><decision-trees><overfitting>","3","1"
"45320","1","Question","2019-02-09 23:08:55","3","101","<neural-network><deep-learning><ai><weight-initialization>","1","1"
"45321","1","Question","2019-02-09 23:15:06","1","26","<python><text-mining><map-reduce>","0",""
"45322","1","Question","2019-02-09 23:36:42","4","212","<deep-learning><activation-function>","1","4"
"45328","1","Question","2019-02-10 03:26:11","2","731","<python><keras><dataset><lstm><bigdata>","0",""
"45331","1","Question","2019-02-10 05:20:25","1","507","<machine-learning><data>","1",""
"45332","1","Question","2019-02-10 06:33:37","6","143","<classification><statistics><optimization><machine-learning-model>","3","0"
"45335","1","Question","2019-02-10 10:40:47","2","39","<machine-learning><deep-learning><nlp>","2",""
"45340","1","Question","2019-02-10 14:56:07","1","503","<machine-learning><neural-network><classification><keras>","0",""
"45341","1","Question","2019-02-10 15:32:13","0","854","<machine-learning><training><unsupervised-learning><supervised-learning>","2",""
"45343","1","Question","2019-02-10 17:13:39","1","741","<machine-learning><neural-network><deep-learning><tensorflow><gan>","0",""
"45345","1","Question","2019-02-10 17:43:07","0","110","<market-basket-analysis>","1",""
"45346","1","Question","2019-02-10 18:13:25","1","580","<decision-trees><data-science-model>","1",""
"45348","1","Question","2019-02-10 19:00:45","0","237","<machine-learning><clustering><data-analysis>","1",""
"45351","1","Question","2019-02-10 23:09:41","2","241","<kaggle><genetic-programming>","2",""
"45355","1","Question","2019-02-11 02:42:05","0","732","<scikit-learn><pipelines>","1",""
"45356","1","Question","2019-02-11 02:48:58","2","1625","<python><scikit-learn>","1",""
"57582","1","Question","2019-08-15 09:34:49","0","38","<r><text-mining><topic-model><lda>","1",""
"57583","1","Question","2019-08-15 10:26:15","0","2814","<python><pandas><csv>","1","1"
"57585","1","Question","2019-08-15 11:46:30","1","30","<machine-learning><python><keras><scikit-learn><pandas>","1",""
"57586","1","Question","2019-08-15 12:09:36","0","42","<python><classification><svm>","1",""
"57598","1","Question","2019-08-15 14:23:36","0","53","<python><pandas><numpy>","2","1"
"57603","1","Question","2019-08-15 15:19:33","2","83","<visualization><distribution><infographics>","2","3"
"57604","1","Question","2019-08-15 15:33:42","2","2988","<machine-learning><feature-selection><regularization><ridge-regression>","3","1"
"57608","1","Question","2019-08-15 18:06:37","2","293","<python><pandas><data-cleaning>","1","1"
"57610","1","Question","2019-08-15 18:53:51","1","22","<time-series><forecasting><hyperparameter><hyperparameter-tuning>","0",""
"57615","1","Question","2019-08-15 20:43:06","3","33","<algorithms><prediction><supervised-learning><tfidf>","1",""
"57616","1","Question","2019-08-15 21:16:48","0","49","<apache-spark><pyspark>","1",""
"57617","1","Question","2019-08-15 22:24:10","1","457","<class-imbalance><score>","1","2"
"57623","1","Question","2019-08-15 23:12:52","1","114","<machine-learning><classification><dataset>","1",""
"57624","1","Question","2019-08-15 23:44:26","1","19","<python><nlp>","0",""
"57626","1","Question","2019-08-16 01:21:58","1","57","<deep-learning><reinforcement-learning><dqn>","0","1"
"57627","1","Question","2019-08-16 02:50:59","1","48","<machine-learning><classification><time-series>","0",""
"57631","1","Question","2019-08-16 04:13:48","1","34","<machine-learning><python><dataframe><feature-scaling>","1",""
"57633","1","Question","2019-08-16 05:07:51","2","58","<machine-learning><machine-learning-model><normalization>","1",""
"57635","1","Question","2019-08-16 06:45:20","1","84","<deep-learning><regression><cnn>","1",""
"57638","1","Question","2019-08-16 07:17:59","3","38","<deep-learning><cnn><image-recognition><object-recognition>","0",""
"57639","1","Question","2019-08-16 07:37:21","1","3677","<deep-learning><neural-network><keras><convolutional-neural-network>","2","2"
"57641","1","Question","2019-08-16 08:24:44","0","905","<machine-learning><decision-trees><machine-learning-model><data-science-model>","4",""
"57642","1","Question","2019-08-16 08:26:35","0","1703","<time-series><lstm><multiclass-classification><rnn>","2","1"
"57644","1","Question","2019-08-16 08:59:26","1","81","<machine-learning><neural-network><deep-learning>","1",""
"57650","1","Question","2019-08-16 11:43:49","4","3036","<python><nlp><spacy>","1","1"
"57651","1","Question","2019-08-16 12:09:15","2","64","<machine-learning><python><probability>","1",""
"57657","1","Question","2019-08-16 13:47:47","0","53","<deep-learning>","0",""
"57673","1","Question","2019-08-16 15:49:52","3","410","<python><pandas><matplotlib><seaborn>","1",""
"57676","1","Question","2019-08-16 16:13:27","0","51","<transfer-learning>","2",""
"57680","1","Question","2019-08-16 18:02:45","1","20","<data-cleaning><preprocessing><data-formats>","1",""
"57681","1","Question","2019-08-16 18:21:41","2","36","<machine-learning><python><tensorflow><word2vec>","1",""
"57685","1","Question","2019-08-16 19:04:50","1","624","<nlp><dataset><word2vec>","2",""
"57692","1","Question","2019-08-16 21:15:18","1","48","<regression><visualization><feature-extraction><categorical-data>","1",""
"45359","1","Question","2019-02-11 03:42:29","1","30","<statistics><probability><bayesian><probabilistic-programming><mcmc>","1",""
"45362","1","Question","2019-02-11 06:22:00","1","25","<machine-learning><nlp><nltk>","0",""
"45365","1","Question","2019-02-11 07:35:30","2","217","<ranking><learning-to-rank><ndcg>","1",""
"45369","1","Question","2019-02-11 09:57:39","3","8636","<bigdata><apache-spark><pyspark>","1",""
"45370","1","Question","2019-02-11 10:35:45","2","194","<clustering><unsupervised-learning><tsne>","2",""
"45371","1","Question","2019-02-11 10:49:46","4","849","<scikit-learn><regression><linear-regression><gradient-descent><boosting>","1",""
"45375","1","Question","2019-02-11 11:39:35","1","52","<classification><nlp><text>","0",""
"45376","1","Question","2019-02-11 11:44:54","2","879","<python><classification><preprocessing><text><named-entity-recognition>","2","0"
"45377","1","Question","2019-02-11 11:53:27","1","57","<machine-learning><tensorflow><logistic-regression>","1",""
"45379","1","Question","2019-02-11 12:11:23","1","100","<machine-learning><neural-network>","1",""
"45383","1","Question","2019-02-11 14:12:26","3","4726","<python><pandas><data-cleaning><missing-data>","1",""
"45387","1","Question","2019-02-11 15:03:15","4","54","<data-mining><dataset><data-cleaning>","0",""
"45389","1","Question","2019-02-11 15:11:10","1","24","<machine-learning><decision-trees><tfidf>","1",""
"45393","1","Question","2019-02-11 16:02:18","1","846","<keras><tensorflow><cnn>","1","1"
"45394","1","Question","2019-02-11 16:02:49","5","4511","<r><time-series><lstm><forecasting>","1","2"
"45400","1","Question","2019-02-11 17:31:48","1","832","<machine-learning><python><scikit-learn>","1",""
"45404","1","Question","2019-02-11 17:58:48","5","111","<cnn><multiclass-classification><alex-net>","4",""
"45405","1","Question","2019-02-11 18:30:26","2","61","<logistic-regression>","1",""
"45408","1","Question","2019-02-11 20:35:28","2","161","<gradient-descent><learning-rate>","2",""
"45409","1","Question","2019-02-11 20:37:03","1","167","<python><tensorflow><gradient-descent>","0",""
"45410","1","Question","2019-02-11 21:04:17","4","66","<pytorch>","1","1"
"45416","1","Question","2019-02-12 00:36:29","4","2362","<python><keras><tensorflow><cnn><probability>","2",""
"45418","1","Question","2019-02-12 00:50:39","2","53","<neural-network>","0",""
"45426","1","Question","2019-02-12 04:51:49","1","561","<keras>","1",""
"45427","1","Question","2019-02-12 05:08:24","2","58","<r><predictive-modeling><machine-learning-model><simulation>","0",""
"45428","1","Question","2019-02-12 05:43:18","1","27","<cnn>","0",""
"45430","1","Question","2019-02-12 06:20:30","3","97","<machine-learning><learning>","0",""
"45431","1","Question","2019-02-12 07:26:56","2","136","<machine-learning>","1",""
"45433","1","Question","2019-02-12 08:56:23","2","479","<python><keras><tensorflow><lstm>","0","1"
"45434","1","Question","2019-02-12 09:09:01","8","135","<neural-network><feature-selection><mlp>","4",""
"45436","1","Question","2019-02-12 09:41:33","1","29","<predictive-modeling><recommender-system>","0",""
"45437","1","Question","2019-02-12 09:47:13","3","182","<python><classification><keras>","2",""
"45438","1","Question","2019-02-12 09:59:33","2","5146","<python><neural-network>","1",""
"45441","1","Question","2019-02-12 11:35:08","1","495","<python><anaconda>","0",""
"45442","1","Question","2019-02-12 11:35:56","2","383","<python><neural-network><deep-learning><keras>","0",""
"45443","1","Question","2019-02-12 11:36:15","1","274","<python><scikit-learn><random-forest>","1",""
"45444","1","Question","2019-02-12 12:00:15","1","63","<data-mining><time-series><lstm><rnn><data-cleaning>","0",""
"45449","1","Question","2019-02-12 13:55:49","3","1191","<python><dataset><pandas>","1",""
"45451","1","Question","2019-02-12 14:33:37","3","1627","<keras>","2",""
"45452","1","Question","2019-02-12 15:09:52","4","43","<data-mining><dataset><statistics><sampling>","1","1"
"45457","1","Question","2019-02-12 15:43:35","2","35","<statistics><feature-engineering>","0",""
"45458","1","Question","2019-02-12 16:01:24","2","34","<clustering><similarity><variance><dbscan>","0",""
"45459","1","Question","2019-02-12 17:15:05","11","1786","<scikit-learn><graphs>","1","2"
"45461","1","Question","2019-02-12 19:08:38","2","1011","<python><data><decision-trees><prediction><h2o>","1","1"
"45464","1","Question","2019-02-12 20:50:15","2","973","<python><scikit-learn><nlp><topic-model><lda>","1",""
"45465","1","Question","2019-02-12 21:08:34","1","33","<regression><prediction><class-imbalance>","1",""
"45467","1","Question","2019-02-12 21:49:08","1","46","<machine-learning><deep-learning>","0",""
"45469","1","Question","2019-02-12 22:40:12","1","114","<machine-learning><deep-learning><keras><scikit-learn><multilabel-classification>","0","0"
"45470","1","Question","2019-02-12 22:59:07","4","292","<machine-learning><random-forest><data-cleaning><machine-learning-model><data-wrangling>","3","1"
"45471","1","Question","2019-02-12 23:26:14","4","330","<xgboost><probability><hyperparameter>","2","1"
"45475","1","Question","2019-02-13 03:43:48","10","4220","<nlp><attention-mechanism>","2","3"
"45476","1","Question","2019-02-13 04:25:53","2","55","<orange>","1",""
"45480","1","Question","2019-02-13 06:35:55","3","50","<neural-network><perceptron><mlp>","1",""
"45484","1","Question","2019-02-13 07:33:35","1","61","<python><time-series><pandas>","0",""
"45486","1","Question","2019-02-13 07:46:49","1","42","<classification><clustering>","2",""
"45495","1","Question","2019-02-13 10:27:41","1","13","<python><nlp><text-mining><topic-model>","0",""
"45497","1","Question","2019-02-13 10:34:29","1","34","<machine-learning><decision-trees><accuracy>","0",""
"45498","1","Question","2019-02-13 10:49:48","1","401","<tensorflow><training><epochs>","1",""
"45499","1","Question","2019-02-13 11:42:49","1","124","<r>","1",""
"45500","1","Question","2019-02-13 12:00:29","2","733","<neural-network><keras><tensorflow>","2",""
"45503","1","Question","2019-02-13 12:14:24","4","1612","<neural-network><regression><lstm><rnn><word-embeddings>","4","1"
"57696","1","Question","2019-08-17 00:51:10","1","34","<machine-learning><active-learning>","2",""
"57697","1","Question","2019-08-17 01:26:33","3","241","<scikit-learn><feature-selection><decision-trees>","2","0"
"57700","1","Question","2019-08-17 05:08:19","0","136","<time-series>","1",""
"57701","1","Question","2019-08-17 05:16:24","4","1856","<cross-validation><kaggle>","3","2"
"57704","1","Question","2019-08-17 07:16:18","2","40","<machine-learning><neural-network><rnn>","1",""
"57705","1","Question","2019-08-17 07:18:53","1","17","<dataset><data-science-model><class-imbalance><smote><multi-instance-learning>","1",""
"57708","1","Question","2019-08-17 08:11:00","0","41","<machine-learning><feature-engineering><correlation><kaggle><heatmap>","1",""
"57715","1","Question","2019-08-17 10:04:04","1","264","<neural-network><lstm><visualization><rnn>","1",""
"57720","1","Question","2019-08-17 12:17:08","7","211","<data>","3","2"
"57721","1","Question","2019-08-17 12:31:32","-3","36","<machine-learning><python><data-cleaning><outlier>","1",""
"57724","1","Question","2019-08-17 14:16:38","1","630","<machine-learning><deep-learning><autoencoder><generative-models>","1",""
"57725","1","Question","2019-08-17 18:31:00","0","227","<python><r><data-science-model><data-analysis><marketing>","1",""
"57726","1","Question","2019-08-17 18:59:08","2","173","<neural-network><gradient-descent>","1","1"
"57731","1","Question","2019-08-17 22:05:51","1","34","<machine-learning><dataset><recommender-system><matrix-factorisation>","0","0"
"57733","1","Question","2019-08-17 23:22:38","1","31","<machine-learning><statistics><optimization>","2",""
"57734","1","Question","2019-08-18 00:39:01","1","24","<neural-network><keras><tensorflow><image>","0",""
"57738","1","Question","2019-08-18 05:20:35","0","1029","<python><classification><keras><tensorflow>","3","2"
"57739","1","Question","2019-08-18 06:01:47","0","36","<python><classification><keras><tensorflow>","2",""
"57743","1","Question","2019-08-18 09:33:32","2","166","<decision-trees><ensemble-modeling>","2",""
"57745","1","Question","2019-08-18 11:14:12","1","18","<statistics><correlation><data-analysis>","1",""
"57748","1","Question","2019-08-18 13:18:13","1","621","<neural-network><backpropagation><softmax>","1",""
"57750","1","Question","2019-08-18 14:49:02","0","262","<scikit-learn><logistic-regression>","2",""
"57756","1","Question","2019-08-18 17:14:43","2","73","<tensorflow>","1",""
"57764","1","Question","2019-08-18 23:42:28","0","1080","<scikit-learn><nlp><linear-regression><tfidf>","1",""
"57766","1","Question","2019-08-19 01:51:34","2","76","<machine-learning><regression><model-selection>","2",""
"57767","1","Question","2019-08-19 02:37:48","2","51","<time-series>","1",""
"57768","1","Question","2019-08-19 03:14:03","0","58","<machine-learning><predictive-modeling><machine-learning-model>","1",""
"57769","1","Question","2019-08-19 04:21:45","2","26","<python><deep-learning><nlp>","1",""
"57770","1","Question","2019-08-19 05:07:04","1","41","<keras><tensorflow><numpy><weight-initialization>","1",""
"57771","1","Question","2019-08-19 06:21:19","0","64","<r>","1",""
"57774","1","Question","2019-08-19 06:41:31","0","1466","<python><pandas><dataframe>","1","1"
"57776","1","Question","2019-08-19 06:56:28","1","4562","<dataset>","1",""
"57777","1","Question","2019-08-19 06:58:40","0","56","<prediction>","3",""
"57778","1","Question","2019-08-19 07:00:34","2","94","<data-mining><predictive-modeling><missing-data>","3",""
"57782","1","Question","2019-08-19 08:20:48","2","38","<neural-network><classification><rnn>","1",""
"57789","1","Question","2019-08-19 09:44:18","2","137","<machine-learning><gradient-descent>","1",""
"57791","1","Question","2019-08-19 10:01:36","1","154","<data><visualization><sql><tableau>","0",""
"57792","1","Question","2019-08-19 10:32:19","2","854","<machine-learning><computer-vision>","2",""
"57799","1","Question","2019-08-19 12:03:06","2","370","<machine-learning><neural-network><deep-learning><loss-function>","4",""
"57804","1","Question","2019-08-19 13:58:12","1","324","<time-series><arima>","1","0"
"57805","1","Question","2019-08-19 13:59:38","1","24","<deep-learning><gan>","0",""
"57809","1","Question","2019-08-19 15:16:09","1","546","<machine-learning><python><keras><batch-normalization>","1","0"
"57810","1","Question","2019-08-19 15:33:34","1","14","<similarity>","0","1"
"57812","1","Question","2019-08-19 17:09:24","1","69","<neural-style-transfer>","2",""
"57815","1","Question","2019-08-19 17:30:18","0","44","<machine-learning>","1",""
"57816","1","Question","2019-08-19 17:34:17","2","705","<machine-learning><python><scikit-learn><data-science-model>","2","0"
"57819","1","Question","2019-08-19 17:53:22","3","53","<machine-learning><lstm><bert>","0",""
"57821","1","Question","2019-08-19 19:16:49","4","192","<neural-network><keras><tensorflow>","2","1"
"45505","1","Question","2019-02-13 12:49:24","3","96","<neural-network><activation-function>","1",""
"45508","1","Question","2019-02-13 13:53:55","2","25","<python><scikit-learn><dataset><scipy>","1",""
"45509","1","Question","2019-02-13 14:22:49","2","66","<pca><dimensionality-reduction>","0",""
"45510","1","Question","2019-02-13 14:33:40","2","142","<time-series><clustering><preprocessing><distance>","1","1"
"45511","1","Question","2019-02-13 14:39:47","1","17","<machine-learning><dataset><statistics>","0",""
"45514","1","Question","2019-02-13 14:57:20","1","114","<python><keras><tensorflow>","0",""
"45517","1","Question","2019-02-13 15:34:10","3","17","<audio-recognition>","0","1"
"45519","1","Question","2019-02-13 15:44:59","1","767","<python><text-mining><nltk><pip>","0",""
"45520","1","Question","2019-02-13 15:49:08","3","49","<word-embeddings><multilabel-classification><nlp><distance>","1",""
"45523","1","Question","2019-02-13 16:38:57","1","125","<accuracy>","1",""
"45524","1","Question","2019-02-13 17:18:16","1","34","<python><autoencoder><accuracy>","1",""
"45526","1","Question","2019-02-13 18:02:00","5","96","<classification><nlp><cross-validation><evaluation>","2","2"
"45527","1","Question","2019-02-13 18:05:45","1","133","<random-forest><data-cleaning><encoding><geospatial>","0",""
"45530","1","Question","2019-02-13 18:33:05","1","166","<deep-learning>","0",""
"45532","1","Question","2019-02-13 18:48:49","2","144","<classification>","1",""
"45533","1","Question","2019-02-13 19:18:58","10","2491","<feature-extraction><databases>","4","2"
"45539","1","Question","2019-02-13 20:30:32","1","87","<lstm><rnn>","0",""
"45540","1","Question","2019-02-13 21:30:54","4","466","<machine-learning><python><scikit-learn><regression><supervised-learning>","2",""
"45542","1","Question","2019-02-13 22:25:43","1","20","<svm><semi-supervised-learning><implementation>","0",""
"45543","1","Question","2019-02-13 23:51:11","1","19","<machine-learning><object-detection>","0","2"
"45544","1","Question","2019-02-14 00:15:23","1","461","<time-series><clustering><data><anomaly-detection><data-science-model>","1",""
"45545","1","Question","2019-02-14 00:21:07","2","929","<machine-learning><time-series><predictive-modeling><lstm><matlab>","0",""
"45546","1","Question","2019-02-14 00:49:54","2","91","<machine-learning><notation><pac-learning>","1","1"
"45550","1","Question","2019-02-14 02:26:19","2","8120","<pandas><kaggle>","1",""
"45552","1","Question","2019-02-14 03:04:21","1","630","<scikit-learn><svm>","1",""
"45553","1","Question","2019-02-14 03:24:29","3","514","<xgboost><ranking><ndcg>","0",""
"45554","1","Question","2019-02-14 05:17:07","2","286","<machine-learning><algorithms>","1",""
"45556","1","Question","2019-02-14 05:47:46","1","35","<machine-learning><gradient-descent>","1",""
"45559","1","Question","2019-02-14 08:04:39","-1","31","<python><clustering><unsupervised-learning>","2",""
"45562","1","Question","2019-02-14 09:11:39","1","100","<machine-learning><predictive-modeling><regression><cross-validation><accuracy>","0",""
"45563","1","Question","2019-02-14 09:19:53","1","668","<machine-learning><xgboost>","2","1"
"45566","1","Question","2019-02-14 09:49:51","0","64","<gradient-descent>","2",""
"45568","1","Question","2019-02-14 10:17:44","0","32","<python><tensorflow><word-embeddings>","1",""
"45569","1","Question","2019-02-14 10:17:48","1","35","<lstm><multilabel-classification>","0",""
"45570","1","Question","2019-02-14 11:36:39","1","62","<probability><distribution>","0",""
"45575","1","Question","2019-02-14 12:14:02","6","887","<machine-learning><data-leakage>","1",""
"45578","1","Question","2019-02-14 14:33:54","20","10437","<variance><bias>","5","8"
"45580","1","Question","2019-02-14 15:08:51","3","1364","<keras><noise>","1",""
"45582","1","Question","2019-02-14 15:42:36","1","18","<distance>","0",""
"45588","1","Question","2019-02-14 17:05:51","1","28","<dataset><data><project-planning>","1",""
"45589","1","Question","2019-02-14 17:20:50","1","47","<machine-learning><machine-learning-model>","0",""
"45593","1","Question","2019-02-14 21:14:15","1","72","<machine-learning><word2vec><pytorch>","1",""
"45597","1","Question","2019-02-15 00:27:06","1","166","<time-series><predictive-modeling><prediction><matlab><plotting>","0",""
"45598","1","Question","2019-02-15 00:29:55","2","143","<neural-network><perceptron><mlp><implementation>","1",""
"45600","1","Question","2019-02-15 05:01:13","4","784","<time-series><lstm><rnn>","1","6"
"45601","1","Question","2019-02-15 05:39:48","1","26","<cnn><backpropagation>","1",""
"45602","1","Question","2019-02-15 06:23:24","3","185","<python><pandas>","1",""
"45603","1","Question","2019-02-15 06:29:42","2","146","<python><deep-learning>","0","1"
"45605","1","Question","2019-02-15 06:52:37","1","233","<python><nlp><nltk>","1",""
"45607","1","Question","2019-02-15 07:26:50","0","962","<clustering>","2",""
"45611","1","Question","2019-02-15 07:54:42","1","34","<machine-learning><neural-network><pytorch>","1",""
"45614","1","Question","2019-02-15 08:16:30","3","913","<normalization>","1","2"
"45615","1","Question","2019-02-15 08:16:57","3","102","<python><scikit-learn><pandas><descriptive-statistics>","1",""
"45620","1","Question","2019-02-15 09:03:25","1","81","<neural-network><lstm>","0",""
"45622","1","Question","2019-02-15 09:48:36","1","41","<python><scikit-learn><random-forest><decision-trees>","0",""
"45624","1","Question","2019-02-15 10:24:17","2","1948","<python><r><data-mining>","1",""
"45625","1","Question","2019-02-15 10:40:39","1","58","<dataset>","0",""
"45626","1","Question","2019-02-15 10:52:32","1","129","<lstm><labels>","1",""
"45627","1","Question","2019-02-15 10:55:46","3","86","<machine-learning><python><scikit-learn><regression><pandas>","1",""
"45628","1","Question","2019-02-15 11:04:48","1","459","<machine-learning><python><pandas><k-nn>","0",""
"45629","1","Question","2019-02-15 11:19:08","1","418","<keras><nlp><loss-function>","0",""
"45631","1","Question","2019-02-15 12:27:50","1","12","<tensorflow>","0",""
"45633","1","Question","2019-02-15 13:23:17","0","90","<machine-learning><regression>","2",""
"45639","1","Question","2019-02-15 14:30:18","0","49","<python><deep-learning><numpy>","1",""
"45648","1","Question","2019-02-15 16:04:28","1","143","<jupyter><linux>","0",""
"57832","1","Question","2019-08-20 04:04:07","1","33","<reinforcement-learning><dqn><image><image-size>","1",""
"57834","1","Question","2019-08-20 05:20:10","1","28","<classification><random-forest><logistic-regression><data-science-model><tfidf>","1","1"
"57835","1","Question","2019-08-20 05:37:31","0","55","<dataset><linear-regression>","4",""
"57839","1","Question","2019-08-20 06:40:50","1","192","<machine-learning><neural-network><deep-learning>","1",""
"57840","1","Question","2019-08-20 06:41:15","2","733","<r><feature-engineering>","0","1"
"57841","1","Question","2019-08-20 06:44:54","6","136","<machine-learning><python><class-imbalance><imbalanced-learn>","2",""
"57851","1","Question","2019-08-20 08:36:15","0","23","<dataset><data-cleaning><training>","1",""
"57852","1","Question","2019-08-20 08:43:49","2","154","<classification><cnn><lstm>","0","1"
"57853","1","Question","2019-08-20 08:50:35","1","4097","<python><matplotlib>","2",""
"57857","1","Question","2019-08-20 09:24:47","0","36","<data-cleaning>","1",""
"57861","1","Question","2019-08-20 09:55:10","2","160","<nlp>","3",""
"57863","1","Question","2019-08-20 10:44:09","1","3554","<scikit-learn><svm>","1","1"
"57866","1","Question","2019-08-20 11:17:40","2","153","<classification><scikit-learn><boosting>","1",""
"57875","1","Question","2019-08-20 12:29:20","1","62","<machine-learning><topic-model><lda><gensim>","1","2"
"57876","1","Question","2019-08-20 12:32:45","0","229","<python><pandas><matlab><matplotlib>","1",""
"57878","1","Question","2019-08-20 13:18:53","2","699","<machine-learning><python><tensorflow>","1",""
"57882","1","Question","2019-08-20 14:03:49","2","1729","<training><class-imbalance>","2",""
"57883","1","Question","2019-08-20 14:11:34","3","111","<keras><tensorflow><accuracy><epochs>","1",""
"57890","1","Question","2019-08-20 15:24:24","1","34","<nlp><text-mining><tfidf>","1",""
"57900","1","Question","2019-08-20 17:52:26","1","119","<machine-learning><bigdata><sequential-pattern-mining>","0",""
"57902","1","Question","2019-08-20 18:27:44","2","1013","<classification><cross-validation><class-imbalance>","1",""
"57905","1","Question","2019-08-20 20:05:07","6","4209","<classification><decision-trees><xgboost><boosting>","1","4"
"57906","1","Question","2019-08-20 20:07:18","1","618","<keras><time-series><lstm><rnn>","1",""
"57909","1","Question","2019-08-20 21:48:32","3","112","<python><tensorflow><reinforcement-learning><openai-gym>","0","1"
"57910","1","Question","2019-08-20 22:02:42","3","48","<data-mining><sentiment-analysis><social-network-analysis>","1",""
"57911","1","Question","2019-08-20 22:05:02","1","1081","<time-series><clustering>","1","1"
"57912","1","Question","2019-08-20 22:19:30","3","128","<time-series><statistics><similarity><correlation><simulation>","2",""
"57916","1","Question","2019-08-21 03:35:07","7","165","<statistics><mathematics>","1","2"
"57917","1","Question","2019-08-21 03:54:53","1","92","<multiclass-classification><class-imbalance>","1","1"
"57921","1","Question","2019-08-21 06:27:03","1","22","<machine-learning><svm>","0",""
"57922","1","Question","2019-08-21 06:30:25","1","119","<python><scikit-learn><hyperparameter-tuning><grid-search><gridsearchcv>","1",""
"57923","1","Question","2019-08-21 06:37:11","0","17","<deep-learning><predictive-modeling><image-classification>","1",""
"57924","1","Question","2019-08-21 06:45:04","5","1936","<predictive-modeling><pandas><class-imbalance><pipelines><imbalanced-learn>","1",""
"57927","1","Question","2019-08-21 06:56:51","0","63","<machine-learning><decision-trees>","1",""
"57928","1","Question","2019-08-21 07:21:07","0","172","<machine-learning><deep-learning><word2vec><word-embeddings><nlp>","1",""
"57929","1","Question","2019-08-21 07:23:03","0","110","<machine-learning><decision-trees>","1",""
"57931","1","Question","2019-08-21 07:37:11","1","64","<machine-learning><python><pytorch><object-detection><faster-rcnn>","0","0"
"57934","1","Question","2019-08-21 08:09:57","1","607","<python>","1",""
"57940","1","Question","2019-08-21 08:53:48","0","48","<neural-network><deep-learning><lstm><rnn>","1",""
"57945","1","Question","2019-08-21 09:49:14","0","627","<scikit-learn><grid-search><gridsearchcv>","1",""
"57947","1","Question","2019-08-21 10:15:52","0","156","<machine-learning><deep-learning><nlp><cnn><rnn>","1","2"
"57948","1","Question","2019-08-21 10:40:45","0","115","<python><markov-process><markov-hidden-model><expectation-maximization>","0",""
"45650","1","Question","2019-02-15 16:11:23","1","24","<python><neural-network><tensorflow><accuracy>","0",""
"45655","1","Question","2019-02-15 16:47:01","2","318","<machine-learning><pandas><dataframe>","1",""
"45656","1","Question","2019-02-15 16:58:56","2","1452","<python><pytorch><jupyter>","1","1"
"45657","1","Question","2019-02-15 18:09:57","1","30","<deep-learning><gan><objective-function>","0",""
"45659","1","Question","2019-02-15 18:37:10","3","436","<reinforcement-learning>","1",""
"45660","1","Question","2019-02-15 18:39:44","1","305","<machine-learning><bigdata><bias>","0",""
"45661","1","Question","2019-02-15 20:25:52","2","477","<machine-learning><deep-learning><statistics><generative-models>","1","1"
"45663","1","Question","2019-02-15 20:49:28","5","2141","<machine-learning><python><scikit-learn><pandas>","1","2"
"45666","1","Question","2019-02-15 22:04:27","1","106","<graphs>","0",""
"45667","1","Question","2019-02-15 22:11:00","1","209","<python><statistics><numpy><distribution><scipy>","0",""
"45668","1","Question","2019-02-15 23:03:42","3","1230","<machine-learning><scikit-learn><ridge-regression>","2",""
"45671","1","Question","2019-02-16 03:59:13","3","562","<machine-learning><neural-network>","1",""
"45672","1","Question","2019-02-16 05:36:46","2","886","<time-series><predictive-modeling><random-forest><training><transfer-learning>","1","1"
"45675","1","Question","2019-02-16 07:35:56","2","203","<machine-learning><preprocessing>","2",""
"45678","1","Question","2019-02-16 09:24:19","4","684","<neural-network><deep-learning><convolution><mathematics><image-preprocessing>","1",""
"45679","1","Question","2019-02-16 09:48:06","2","755","<python><jupyter>","1",""
"45680","1","Question","2019-02-16 10:16:08","2","503","<cnn>","1",""
"45681","1","Question","2019-02-16 10:16:55","1","76","<machine-learning><naive-bayes-classifier>","2",""
"45684","1","Question","2019-02-16 12:12:19","6","5840","<machine-learning><python><neural-network><deep-learning><time-series>","1","2"
"45685","1","Question","2019-02-16 13:26:07","1","75","<python><jupyter><fastai>","1",""
"45686","1","Question","2019-02-16 13:40:39","2","326","<feature-selection>","1",""
"45688","1","Question","2019-02-16 14:28:10","1","27","<linear-regression>","1",""
"45689","1","Question","2019-02-16 14:29:12","1","31","<machine-learning><deep-learning>","0",""
"45690","1","Question","2019-02-16 14:37:25","4","153","<machine-learning><pca><dimensionality-reduction>","1","1"
"45691","1","Question","2019-02-16 14:55:10","3","215","<machine-learning><mathematics><linear-algebra>","1","1"
"45698","1","Question","2019-02-16 17:38:01","2","2145","<keras><scikit-learn><cross-validation>","1","2"
"45702","1","Question","2019-02-16 20:05:03","3","69","<neural-network><optimization>","1","0"
"45703","1","Question","2019-02-16 21:43:32","8","1930","<linear-regression><terminology>","3","2"
"45711","1","Question","2019-02-17 04:41:27","4","2903","<python><distribution><matplotlib><image>","1","2"
"45713","1","Question","2019-02-17 09:06:47","2","91","<regression><linear-regression><data-science-model>","1",""
"45714","1","Question","2019-02-17 10:13:20","1","26","<machine-learning><statistics>","0",""
"45716","1","Question","2019-02-17 12:52:43","2","403","<machine-learning><python><classification>","1",""
"45718","1","Question","2019-02-17 13:07:47","2","616","<machine-learning><python><reinforcement-learning><backpropagation><pytorch>","0",""
"45719","1","Question","2019-02-17 13:24:50","1","41","<autoencoder>","0",""
"45720","1","Question","2019-02-17 16:45:39","1","410","<python><nlp>","0",""
"45721","1","Question","2019-02-17 17:09:15","1","20","<regression><lstm><cnn>","0",""
"45725","1","Question","2019-02-17 18:28:15","4","76","<machine-learning><python><normalization>","1",""
"45726","1","Question","2019-02-17 19:06:30","2","19996","<python><anaconda>","1",""
"45728","1","Question","2019-02-17 19:20:14","3","458","<machine-learning><python><scikit-learn><svm>","1",""
"45729","1","Question","2019-02-17 20:11:09","0","7395","<python><regression><pandas><correlation>","2","1"
"45731","1","Question","2019-02-17 21:01:31","4","952","<image-classification><transfer-learning>","1",""
"45735","1","Question","2019-02-18 00:30:49","2","258","<probability><probabilistic-programming>","1",""
"45737","1","Question","2019-02-18 04:03:24","1","32","<machine-learning><deep-learning><tensorflow><computer-vision><convolution>","1",""
"45738","1","Question","2019-02-18 04:26:41","2","1456","<data><svm><data-science-model>","1","1"
"45740","1","Question","2019-02-18 06:10:38","2","670","<machine-learning><neural-network><keras><scikit-learn>","1",""
"45744","1","Question","2019-02-18 09:22:27","1","32","<python><data-mining><dataset><pandas><data>","0",""
"45746","1","Question","2019-02-18 10:19:47","1","392","<nlp><word-embeddings><stanford-nlp><embeddings>","0",""
"45749","1","Question","2019-02-18 10:39:12","3","354","<machine-learning><neural-network><deep-learning><cnn>","1",""
"45750","1","Question","2019-02-18 10:46:29","2","366","<cnn><training><weight-initialization>","3",""
"45751","1","Question","2019-02-18 10:54:23","2","78","<python><pandas>","1",""
"45753","1","Question","2019-02-18 11:15:09","1","49","<pandas><graphs><jupyter><matplotlib>","1",""
"45754","1","Question","2019-02-18 11:27:35","2","35","<machine-learning><time-series><probability><convolution>","0",""
"45757","1","Question","2019-02-18 12:29:23","6","708","<reinforcement-learning><dqn><discounted-reward>","2","1"
"45759","1","Question","2019-02-18 14:20:05","1","216","<tensorflow><jupyter><google><cloud><pip>","1",""
"45762","1","Question","2019-02-18 14:58:12","2","226","<cnn><activation-function>","2",""
"45764","1","Question","2019-02-18 15:20:17","3","271","<neural-network><training><cost-function><convergence>","4",""
"45765","1","Question","2019-02-18 15:41:48","1","118","<machine-learning><python><anomaly-detection><data-science-model>","0",""
"45766","1","Question","2019-02-18 15:42:07","1","22","<python><data-mining><pandas><visualization><data-cleaning>","0",""
"45767","1","Question","2019-02-18 16:02:49","1","1333","<python><neural-network><cross-validation><sampling>","1",""
"57952","1","Question","2019-08-21 11:28:02","2","474","<deep-learning><visualization><pytorch><convolutional-neural-network>","1",""
"57953","1","Question","2019-08-21 11:30:23","0","436","<machine-learning><python><classification><normalization>","4",""
"57961","1","Question","2019-08-21 13:28:43","1","22","<keras><nlp><image-recognition><object-detection><text>","0",""
"57963","1","Question","2019-08-21 14:05:46","1","2696","<python><computer-vision><pytorch><image>","1",""
"57971","1","Question","2019-08-21 15:29:05","1","140","<machine-learning>","2",""
"57974","1","Question","2019-08-21 16:15:24","1","2647","<machine-learning><algorithms><optimization>","2",""
"57976","1","Question","2019-08-21 16:51:40","3","82","<python><regression>","1",""
"57977","1","Question","2019-08-21 17:40:22","5","525","<python><topic-model><lda><gensim>","0","1"
"57979","1","Question","2019-08-21 18:21:07","0","427","<machine-learning><coursera>","2",""
"57982","1","Question","2019-08-21 19:07:33","1","17","<deep-learning>","0",""
"57984","1","Question","2019-08-21 20:42:17","1","1181","<neural-network><tensorflow><multilabel-classification>","2","1"
"57987","1","Question","2019-08-22 02:38:27","1","72","<neural-network><batch-normalization>","0",""
"57988","1","Question","2019-08-22 03:09:14","1","55","<deep-learning><nlp><chatbot>","1",""
"57990","1","Question","2019-08-22 06:07:05","0","121","<machine-learning><svm>","2",""
"57991","1","Question","2019-08-22 06:10:48","0","26","<feature-selection><feature-extraction><pca><dimensionality-reduction>","0","1"
"57994","1","Question","2019-08-22 06:57:33","1","65","<neural-network><deep-learning><anomaly-detection>","1",""
"57996","1","Question","2019-08-22 07:44:12","0","184","<neural-network><keras>","1",""
"58000","1","Question","2019-08-22 08:29:09","3","2788","<scikit-learn><svm><supervised-learning><model-selection>","1","1"
"58002","1","Question","2019-08-22 09:03:15","3","198","<xgboost>","1",""
"58003","1","Question","2019-08-22 09:03:18","1","158","<tensorflow><word2vec><word-embeddings>","1",""
"58006","1","Question","2019-08-22 09:41:00","2","524","<statistics><distribution><scipy>","2","3"
"58008","1","Question","2019-08-22 10:00:40","0","362","<scikit-learn><pandas><evaluation><class-imbalance><metric>","1",""
"58009","1","Question","2019-08-22 10:02:08","1","974","<arima>","1",""
"58020","1","Question","2019-08-22 14:16:17","3","111","<machine-learning>","3","1"
"58021","1","Question","2019-08-22 14:18:53","1","43","<naive-bayes-classifier><metric><smote><imbalanced-learn>","0",""
"58026","1","Question","2019-08-22 14:55:57","4","196","<machine-learning><neural-network><backpropagation>","4","1"
"58027","1","Question","2019-08-22 15:01:57","0","34","<time-series><pandas><statistics>","1",""
"58030","1","Question","2019-08-22 15:20:56","0","408","<machine-learning><neural-network><logistic-regression>","2","2"
"58035","1","Question","2019-08-22 17:10:33","3","589","<classification><xgboost><accuracy><class-imbalance><encoding>","0","0"
"58040","1","Question","2019-08-22 19:37:41","0","52","<python><keras><time-series><lstm><multiclass-classification>","1",""
"58043","1","Question","2019-08-22 20:18:54","0","163","<deep-learning><classification><nlp>","1",""
"58046","1","Question","2019-08-22 21:29:07","1","625","<machine-learning><python><deep-learning><named-entity-recognition>","3","1"
"58050","1","Question","2019-08-22 22:55:34","1","78","<keras><r>","0",""
"58051","1","Question","2019-08-22 23:00:22","0","40","<time-series><clustering>","0",""
"58054","1","Question","2019-08-23 04:53:29","0","84","<machine-learning><deep-learning><bigdata><data-science-model>","1",""
"58061","1","Question","2019-08-23 07:11:48","2","161","<machine-learning><python><class-imbalance>","1",""
"58065","1","Question","2019-08-23 08:41:53","3","76","<machine-learning><time-series><automatic-summarization>","0",""
"58066","1","Question","2019-08-23 08:59:40","1","65","<machine-learning><time-series>","1",""
"58067","1","Question","2019-08-23 09:11:29","0","595","<machine-learning-model><object-detection><object-recognition><parameter>","1",""
"58070","1","Question","2019-08-23 10:21:17","1","139","<time-series><rnn>","1",""
"58075","1","Question","2019-08-23 11:57:08","0","26","<linear-regression><self-study>","1",""
"58079","1","Question","2019-08-23 13:21:48","0","16","<machine-learning><neural-network><linear-algebra>","0",""
"58081","1","Question","2019-08-23 13:33:36","1","40","<data-cleaning><categorical-data><structured-data>","1",""
"58082","1","Question","2019-08-23 13:35:11","2","537","<orange>","2",""
"58085","1","Question","2019-08-23 13:50:06","1","123","<machine-learning><python><regression><preprocessing>","0",""
"58088","1","Question","2019-08-23 14:11:22","7","103","<tensorflow><logistic-regression>","1",""
"58089","1","Question","2019-08-23 14:21:21","1","32","<machine-learning><python><feature-engineering><preprocessing>","1",""
"58090","1","Question","2019-08-23 14:58:41","3","65","<machine-learning><regression><loss-function>","1",""
"58092","1","Question","2019-08-23 15:21:43","1","185","<machine-learning><distance><metric>","1",""
"58093","1","Question","2019-08-23 15:35:52","1","810","<deep-learning><cnn><feature-selection><convolutional-neural-network><features>","2",""
"58095","1","Question","2019-08-23 17:03:34","2","20","<r>","0",""
"45768","1","Question","2019-02-18 17:29:31","2","694","<evaluation><information-retrieval><metric>","1",""
"45769","1","Question","2019-02-18 17:41:24","1","95","<python><deep-learning><tensorflow><gpu>","0",""
"45774","1","Question","2019-02-18 20:47:09","3","405","<machine-learning><deep-learning><bigdata><model-selection><pac-learning>","2",""
"45776","1","Question","2019-02-18 21:05:09","3","69","<machine-learning><classification><statistics><probability>","1","1"
"45781","1","Question","2019-02-18 22:20:03","6","545","<deep-learning><keras><lstm><rnn>","1","2"
"45782","1","Question","2019-02-17 13:41:11","1","15","<lstm>","0",""
"45785","1","Question","2019-02-19 00:44:44","3","168","<machine-learning><deep-learning><training><noise>","0",""
"45793","1","Question","2019-02-19 06:10:09","2","70","<cnn><image-recognition><kernel>","2","0"
"45797","1","Question","2019-02-19 07:45:48","1","43","<python><nlp>","1",""
"45799","1","Question","2019-02-19 08:55:23","2","5592","<python><pandas>","2",""
"45803","1","Question","2019-02-19 10:08:50","0","2735","<lstm>","1",""
"45805","1","Question","2019-02-19 11:28:45","2","789","<neural-network><convolutional-neural-network>","1","2"
"45807","1","Question","2019-02-19 12:08:37","2","88","<python><time-series><machine-learning-model><forecast><forecasting>","1","1"
"45809","1","Question","2019-02-19 12:15:33","1","38","<machine-learning><forecast><forecasting>","0",""
"45810","1","Question","2019-02-19 12:48:19","5","2902","<python><scikit-learn><cross-validation><gridsearchcv>","1","1"
"45813","1","Question","2019-02-19 13:20:00","1","396","<machine-learning><outlier><boosting>","1","1"
"45815","1","Question","2019-02-19 13:38:12","0","56","<machine-learning><cnn><matrix>","1",""
"45821","1","Question","2019-02-19 15:26:12","2","208","<data-mining><pandas><svm><numpy>","2",""
"45822","1","Question","2019-02-19 15:28:47","0","998","<lstm><supervised-learning>","1",""
"45827","1","Question","2019-02-19 16:28:15","2","2754","<finance>","2","1"
"45831","1","Question","2019-02-19 17:43:28","1","435","<python><scikit-learn><logistic-regression>","3",""
"45833","1","Question","2019-02-19 19:34:19","6","8002","<python><keras><cnn><image-classification>","1","3"
"45834","1","Question","2019-02-19 20:01:13","1","101","<machine-learning><time-series><statistics><lstm><forecasting>","0","2"
"45836","1","Question","2019-02-19 21:06:12","1","117","<machine-learning><deep-learning><text-mining><ocr>","1","1"
"45837","1","Question","2019-02-19 16:33:09","1","819","<deep-learning><lstm><xgboost>","1",""
"45839","1","Question","2019-02-19 22:09:02","1","109","<python><data-mining><k-means>","1",""
"45846","1","Question","2019-02-20 03:19:07","1","48","<machine-learning><data><accuracy>","1",""
"45849","1","Question","2019-02-20 04:31:49","1","89","<machine-learning><dataset><training>","2",""
"45850","1","Question","2019-02-20 04:47:51","1","169","<dataset>","1",""
"45854","1","Question","2019-02-20 06:19:42","7","5279","<python><text-mining>","2","2"
"45856","1","Question","2019-02-20 06:30:01","5","1095","<machine-learning><python><nlp><nltk><regex>","3","2"
"45858","1","Question","2019-02-20 07:50:29","0","149","<machine-learning><tensorflow><opencv>","1",""
"45860","1","Question","2019-02-20 08:31:47","3","2459","<machine-learning><classification><cross-validation><pca><smote>","1",""
"45862","1","Question","2019-02-20 08:56:10","0","180","<machine-learning><machine-learning-model><convolution><image-size><image>","1",""
"45863","1","Question","2019-02-20 09:33:29","1","43","<deep-learning><cnn><rnn><ocr>","1",""
"45864","1","Question","2019-02-20 10:07:10","2","1429","<keras><loss-function>","2",""
"45865","1","Question","2019-02-20 10:39:04","1","76","<predictive-modeling><regression><statistics>","1",""
"45867","1","Question","2019-02-20 10:44:55","2","1934","<python><keras><time-series><lstm><rnn>","1",""
"45872","1","Question","2019-02-20 11:37:58","5","257","<machine-learning><text-mining><feature-extraction><word-embeddings>","3",""
"45873","1","Question","2019-02-20 12:12:54","0","104","<python><scikit-learn><predictive-modeling><prediction><machine-learning-model>","1",""
"45874","1","Question","2019-02-20 12:18:28","0","73","<python><deep-learning><keras><tensorflow><nlp>","1",""
"45875","1","Question","2019-02-20 12:29:20","2","576","<keras>","1",""
"45879","1","Question","2019-02-20 13:08:36","3","838","<seaborn>","0","1"
"45881","1","Question","2019-02-20 13:57:35","2","2240","<cross-validation><encoding>","2","1"
"45882","1","Question","2019-02-20 14:15:55","2","2240","<time-series><lstm><scalability>","1","1"
"45883","1","Question","2019-02-20 14:21:43","1","78","<training><named-entity-recognition><labels>","1",""
"45885","1","Question","2019-02-20 14:34:56","1","102","<machine-learning><multiclass-classification><nltk>","0",""
"58097","1","Question","2019-08-23 18:05:13","3","46","<data-cleaning><preprocessing><categorical-data>","2","0"
"58098","1","Question","2019-08-23 18:12:30","3","28","<hive>","0",""
"58101","1","Question","2019-08-23 21:11:38","3","71","<neural-network><classification><numpy><cost-function><implementation>","0",""
"58108","1","Question","2019-08-23 23:17:42","1","37","<ensemble-learning>","0",""
"58110","1","Question","2019-08-24 01:12:20","3","18","<predictive-modeling>","1",""
"58112","1","Question","2019-08-24 05:00:00","0","32","<python><dataset><kaggle>","1",""
"58114","1","Question","2019-08-24 07:40:58","3","302","<keras><tensorflow><rnn><softmax>","1","0"
"58116","1","Question","2019-08-24 09:38:04","1","42","<deep-learning><classification><nlp>","2",""
"58123","1","Question","2019-08-24 12:27:39","1","374","<numpy>","1",""
"58124","1","Question","2019-08-24 12:27:45","2","17","<keras><regression><lstm><loss-function>","0",""
"58126","1","Question","2019-08-24 13:23:50","0","29","<nlp><nltk>","0",""
"58127","1","Question","2019-08-24 14:40:31","1","27","<data><visualization>","0",""
"58128","1","Question","2019-08-24 14:43:40","0","70","<python><neural-network><keras><correlation>","1",""
"58129","1","Question","2019-08-24 14:47:54","5","315","<deep-learning><keras><tensorflow><vgg16>","3",""
"58130","1","Question","2019-08-24 15:33:45","7","181","<overfitting>","3","1"
"58136","1","Question","2019-08-24 16:46:14","1","73","<nlp><nltk>","1",""
"58137","1","Question","2019-08-24 16:59:47","4","63","<scikit-learn><time-series><regression><lasso>","2",""
"58138","1","Question","2019-08-24 17:59:25","5","350","<deep-learning><cnn><loss-function>","2",""
"58139","1","Question","2019-08-24 20:10:40","8","346","<machine-learning><xgboost>","4","1"
"58142","1","Question","2019-08-24 20:46:24","1","403","<python><data-cleaning><nltk>","0",""
"58144","1","Question","2019-08-24 21:24:02","2","39","<machine-learning><time-series><forecasting>","0",""
"58145","1","Question","2019-08-24 22:02:16","1","36","<machine-learning><python><time-series>","0","1"
"58151","1","Question","2019-08-25 01:01:29","1","95","<dataset><audio-recognition>","2",""
"58155","1","Question","2019-08-25 05:41:10","1","44","<machine-learning>","1",""
"58160","1","Question","2019-08-25 07:51:59","1","100","<time-series><xgboost><forecasting>","1",""
"58162","1","Question","2019-08-25 08:23:51","1","65","<neural-network><keras><convolutional-neural-network>","1",""
"58163","1","Question","2019-08-25 09:13:45","2","864","<optimization><gan>","2",""
"58165","1","Question","2019-08-25 11:38:39","1","25","<python>","1",""
"58170","1","Question","2019-08-25 13:37:15","1","20","<hyperparameter><hyperparameter-tuning>","0",""
"58171","1","Question","2019-08-25 14:08:08","7","770","<neural-network><deep-learning><autoencoder>","1","2"
"58173","1","Question","2019-08-25 15:02:59","4","713","<deep-learning>","3","1"
"45889","1","Question","2019-02-20 14:54:14","1","602","<deep-learning><tensorflow><cnn><object-detection>","1","2"
"45893","1","Question","2019-02-20 15:31:25","3","2340","<keras><tensorflow>","1","2"
"45897","1","Question","2019-02-20 15:50:30","2","271","<python><neural-network><keras><tensorflow><regression>","0",""
"45900","1","Question","2019-02-20 16:38:05","15","21978","<python><scikit-learn><data-cleaning><normalization>","3","8"
"45902","1","Question","2019-02-20 17:06:28","2","552","<r><time-series><forecast><data-analysis>","2",""
"45903","1","Question","2019-02-20 17:14:14","2","75","<r><data-cleaning><outlier>","1",""
"45904","1","Question","2019-02-20 17:49:30","4","684","<cnn><convolutional-neural-network><performance><gpu>","1","1"
"45906","1","Question","2019-02-20 18:01:18","1","41","<neural-network><normalization>","0",""
"45907","1","Question","2019-02-20 18:08:59","5","87","<neural-network><deep-learning><keras><data-cleaning>","1","1"
"45914","1","Question","2019-02-20 20:20:35","6","2580","<classification><scikit-learn><clustering><unsupervised-learning><gaussian>","1","2"
"45915","1","Question","2019-02-20 21:09:20","3","182","<svm><cross-validation><training><unsupervised-learning><matlab>","1",""
"45916","1","Question","2019-02-20 21:13:45","13","21488","<python><dataset><preprocessing><pytorch>","2","5"
"45919","1","Question","2019-02-20 22:29:12","3","78","<machine-learning><deep-learning><convolution>","1",""
"45922","1","Question","2019-02-20 23:02:27","2","135","<machine-learning><classification><data-mining><pca><dimensionality-reduction>","4",""
"45923","1","Question","2019-02-21 00:16:14","3","131","<churn>","1",""
"45924","1","Question","2019-02-21 00:28:36","3","275","<machine-learning><statistics>","1",""
"45930","1","Question","2019-02-21 01:33:15","2","37","<python><data-mining><predictive-modeling><feature-extraction>","0",""
"45933","1","Question","2019-02-21 02:41:10","3","437","<neural-network><keras><tensorflow>","1",""
"45936","1","Question","2019-02-21 05:02:02","2","63","<deep-learning><cross-validation><training><loss-function>","0",""
"45937","1","Question","2019-02-21 06:08:40","3","739","<python><pandas><numpy><dataframe><data-wrangling>","2",""
"45940","1","Question","2019-02-21 10:18:13","2","1920","<python><csv>","1",""
"45941","1","Question","2019-02-21 10:25:07","2","335","<keras><nlp><word-embeddings><attention-mechanism>","0",""
"45942","1","Question","2019-02-21 10:25:29","2","1148","<neural-network><convolution>","2","1"
"45943","1","Question","2019-02-21 10:36:20","3","50","<pandas><bigdata><databases><sql>","1",""
"45944","1","Question","2019-02-21 10:38:13","3","599","<jupyter><google><cloud>","1",""
"45947","1","Question","2019-02-21 11:26:58","2","107","<machine-learning><python><neural-network><classification><r>","3",""
"45950","1","Question","2019-02-21 12:26:55","1","277","<python><neural-network><deep-learning><reinforcement-learning><policy-gradients>","1","1"
"45954","1","Question","2019-02-21 13:58:59","2","4118","<python><deep-learning><keras><regression><matplotlib>","2","1"
"45957","1","Question","2019-02-21 14:17:38","1","61","<machine-learning><neural-network><predictive-modeling>","1",""
"45959","1","Question","2019-02-21 14:29:08","1","41","<reinforcement-learning><online-learning>","0","2"
"45960","1","Question","2019-02-21 14:38:33","2","1986","<computer-vision><3d-reconstruction>","2","1"
"45963","1","Question","2019-02-21 14:51:23","3","1325","<classification><regression><algorithms>","0",""
"45964","1","Question","2019-02-21 15:09:01","3","694","<machine-learning><.net>","2","1"
"45965","1","Question","2019-02-21 15:24:11","1","55","<machine-learning><python><neural-network>","0",""
"45968","1","Question","2019-02-21 16:03:39","1","32","<dataset><cnn>","1",""
"45969","1","Question","2019-02-21 16:25:05","1","38","<machine-learning><deep-learning><keras><autoencoder>","1","0"
"45970","1","Question","2019-02-21 16:43:29","1","358","<machine-learning><r><random-forest><predictor-importance>","1",""
"58180","1","Question","2019-08-25 21:36:30","3","283","<python><visualization><matplotlib><seaborn>","0",""
"58181","1","Question","2019-08-25 21:37:02","4","786","<scikit-learn><cross-validation><boosting>","1",""
"58183","1","Question","2019-08-25 23:56:20","1","47","<machine-learning><python><kaggle><pipelines>","0","1"
"58184","1","Question","2019-08-26 01:27:07","5","40","<machine-learning><training><generalization>","1",""
"58185","1","Question","2019-08-26 03:11:12","0","89","<clustering>","1",""
"58188","1","Question","2019-08-26 05:30:21","0","31","<python><pickle>","0",""
"58189","1","Question","2019-08-26 05:45:49","1","855","<tensorflow><loss-function><image-recognition><implementation>","0","1"
"58191","1","Question","2019-08-26 06:40:39","0","61","<keras><lstm><rnn>","0",""
"58196","1","Question","2019-08-26 07:57:50","2","152","<python><scikit-learn><normalization><lightgbm>","0","1"
"58198","1","Question","2019-08-26 09:21:39","1","132","<causalimpact>","0",""
"58202","1","Question","2019-08-26 10:39:29","0","204","<machine-learning><python><gensim><similar-documents>","1",""
"58208","1","Question","2019-08-26 12:58:02","0","102","<dataset><image-classification>","1",""
"58209","1","Question","2019-08-26 13:09:35","3","779","<python><pandas><dataframe><data-indexing-techniques>","1","1"
"58211","1","Question","2019-08-26 13:30:23","2","153","<machine-learning><convolution>","2",""
"58217","1","Question","2019-08-26 14:59:42","3","197","<machine-learning><python><classification><time-series><data-science-model>","1",""
"58220","1","Question","2019-08-26 15:33:05","1","317","<neural-network><keras><training><optimization>","1","0"
"58221","1","Question","2019-08-26 16:09:28","1","131","<tensorflow><pip>","0",""
"58224","1","Question","2019-08-26 17:10:17","4","42","<deep-learning><distribution><gaussian><probabilistic-programming><gaussian-process>","2",""
"58225","1","Question","2019-08-26 17:19:05","2","2648","<scikit-learn><regression><xgboost>","1","1"
"58227","1","Question","2019-08-26 18:06:50","0","39","<python><forecasting>","1",""
"58228","1","Question","2019-08-26 18:16:32","1","45","<clustering><k-means><unsupervised-learning>","1",""
"58232","1","Question","2019-08-26 20:47:50","0","1316","<python><pandas><data>","2",""
"58236","1","Question","2019-08-26 22:30:17","3","1430","<python><pandas><dataframe>","1",""
"58237","1","Question","2019-08-26 23:02:51","3","633","<neural-network><training>","1",""
"58239","1","Question","2019-08-27 05:32:30","1","25","<cnn><accuracy><mnist>","0",""
"58240","1","Question","2019-08-27 05:40:05","0","131","<machine-learning-model><pickle>","0",""
"58247","1","Question","2019-08-27 06:42:14","0","754","<numpy>","1",""
"58253","1","Question","2019-08-27 08:20:38","3","890","<neural-network><deep-learning><explainable-ai><shap>","1","1"
"58258","1","Question","2019-08-27 09:42:04","1","390","<python><scikit-learn><feature-selection>","0",""
"58263","1","Question","2019-08-27 11:23:19","1","56","<scikit-learn><pca><dimensionality-reduction><features>","2",""
"58265","1","Question","2019-08-27 12:22:48","1","37","<scikit-learn><feature-selection><lasso>","0",""
"58266","1","Question","2019-08-27 13:04:12","0","49","<keras><cnn><object-detection>","0",""
"58269","1","Question","2019-08-27 13:55:08","0","222","<machine-learning><boosting>","1",""
"58270","1","Question","2019-08-27 14:13:04","1","208","<machine-learning><supervised-learning><variance><bias>","2","1"
"45971","1","Question","2019-02-21 16:51:53","1","2403","<python><neural-network><keras><nlp>","0",""
"45974","1","Question","2019-02-21 18:39:20","4","6046","<classification><evaluation><binary>","1","2"
"45982","1","Question","2019-02-21 21:13:13","2","545","<python><deep-learning><keras><lstm><rnn>","1",""
"45983","1","Question","2019-02-21 21:23:39","1","263","<machine-learning><classification><scikit-learn><metric><score>","0",""
"45988","1","Question","2019-02-22 00:23:42","2","117","<machine-learning><classification><metric>","1",""
"45989","1","Question","2019-02-22 01:44:51","2","421","<scikit-learn><machine-learning-model>","2",""
"45991","1","Question","2019-02-22 03:50:34","0","19","<deep-learning><keras><convolution>","1",""
"45996","1","Question","2019-02-22 06:42:07","1","57","<feature-engineering><anomaly-detection>","0",""
"45997","1","Question","2019-02-22 06:44:36","0","1066","<machine-learning><python><pandas><categorical-data>","1",""
"45999","1","Question","2019-02-22 07:37:11","0","176","<machine-learning><python><deep-learning><recommender-system>","2",""
"46000","1","Question","2019-02-22 07:45:12","1","622","<python><time-series><csv>","1",""
"46001","1","Question","2019-02-22 07:45:24","1","46","<nlp><named-entity-recognition><chatbot>","1","1"
"46002","1","Question","2019-02-22 07:53:48","4","2081","<machine-learning><data-cleaning><categorical-data>","3","1"
"46003","1","Question","2019-02-22 08:12:46","1","394","<machine-learning><r><data-science-model>","1",""
"46006","1","Question","2019-02-22 09:14:02","1","2138","<lstm><multilabel-classification><rnn>","2",""
"46012","1","Question","2019-02-22 10:25:59","1","264","<machine-learning><rnn><preprocessing><aws>","0",""
"46014","1","Question","2019-02-22 10:33:08","1","1275","<neural-network><deep-learning><keras><unsupervised-learning><autoencoder>","1",""
"46017","1","Question","2019-02-22 11:39:36","1","703","<deep-learning><tensorflow><cnn>","1",""
"46019","1","Question","2019-02-22 12:04:47","2","14748","<python><scikit-learn><regression><confusion-matrix>","1","1"
"46020","1","Question","2019-02-22 12:20:21","1","17","<probability><distribution><bayesian-networks>","0","1"
"46022","1","Question","2019-02-22 12:54:59","0","18","<python><optimization><data-science-model>","1",""
"46023","1","Question","2019-02-22 13:13:20","2","253","<lstm><prediction>","1",""
"46027","1","Question","2019-02-22 13:47:18","1","1343","<r><dataset><clustering><k-means><rstudio>","1",""
"46031","1","Question","2019-02-22 14:07:23","0","262","<anomaly-detection><outlier>","2",""
"46036","1","Question","2019-02-22 14:54:16","1","29","<classification><feature-selection>","1",""
"46038","1","Question","2019-02-22 15:05:19","3","129","<career><excel>","2",""
"46039","1","Question","2019-02-22 15:07:03","4","237","<anomaly>","2","1"
"46040","1","Question","2019-02-22 15:12:47","1","55","<feature-selection><feature-extraction>","0",""
"46044","1","Question","2019-02-22 16:25:37","2","510","<machine-learning><classification>","1","1"
"46047","1","Question","2019-02-22 16:47:44","1","1946","<machine-learning><deep-learning><keras><tensorflow><machine-learning-model>","0",""
"46049","1","Question","2019-02-22 17:17:48","1","1494","<deep-learning><dataset><image-classification><convolution><accuracy>","1",""
"46050","1","Question","2019-02-22 17:32:52","5","25127","<r><time-series><forecast><data-analysis>","4","4"
"46051","1","Question","2019-02-22 17:39:06","5","2297","<keras><tensorflow><pipelines>","0",""
"46052","1","Question","2019-02-22 17:53:38","2","455","<scikit-learn><logistic-regression><accuracy><classifier>","2",""
"46053","1","Question","2019-02-22 18:05:34","1","136","<cnn><image-classification><preprocessing><image-recognition>","0",""
"46054","1","Question","2019-02-22 18:16:54","1","113","<machine-learning><r><linear-regression><categorical-data>","1",""
"46056","1","Question","2019-02-22 18:43:25","2","1336","<machine-learning><reinforcement-learning>","1",""
"46058","1","Question","2019-02-22 19:18:51","1","47","<machine-learning><data-mining><rnn>","0",""
"46059","1","Question","2019-02-22 19:45:53","3","416","<python><scikit-learn><regression><linear-regression>","1","1"
"58277","1","Question","2019-08-27 15:54:09","1","64","<time-series><predictive-modeling><cnn><anomaly-detection><missing-data>","3",""
"58291","1","Question","2019-08-27 22:25:52","1","17","<prediction><nltk>","1",""
"58294","1","Question","2019-08-27 23:30:03","1","108","<neural-network><alex-net>","1",""
"58295","1","Question","2019-08-28 00:52:33","3","482","<machine-learning><classification><variance>","1",""
"58296","1","Question","2019-08-28 02:19:00","1","100","<machine-learning><recommender-system>","2",""
"58298","1","Question","2019-08-28 03:35:47","1","31","<machine-learning><keras>","1","1"
"58301","1","Question","2019-08-28 06:17:23","2","80","<machine-learning><python><visualization><machine-learning-model><correlation>","1","2"
"58302","1","Question","2019-08-28 06:36:11","0","191","<machine-learning><python><scikit-learn><naive-bayes-classifier>","1",""
"58304","1","Question","2019-08-28 07:25:57","0","109","<decision-trees><machine-learning-model><data-science-model>","1",""
"58312","1","Question","2019-08-28 09:44:00","1","55","<neural-network><pytorch>","0","1"
"58315","1","Question","2019-08-28 10:42:16","1","33","<neural-network><deep-learning><rnn>","0","1"
"58318","1","Question","2019-08-28 12:16:25","0","539","<machine-learning><scikit-learn>","2",""
"58321","1","Question","2019-08-28 12:53:21","1","145","<neural-network><boosting><ensemble-learning>","1",""
"58324","1","Question","2019-08-28 13:05:18","1","55","<machine-learning><deep-learning><nlp><text-mining><sentiment-analysis>","0",""
"58327","1","Question","2019-08-28 13:33:06","2","112","<machine-learning><python><pandas><numpy><anaconda>","1",""
"58332","1","Question","2019-08-28 14:28:13","2","490","<machine-learning><python><classification><xgboost><weighted-data>","0",""
"58336","1","Question","2019-08-28 14:45:43","2","30","<neural-network><classification><transformer>","0",""
"58337","1","Question","2019-08-28 14:51:47","0","37","<machine-learning><neural-network><deep-learning><optimization><data-science-model>","1",""
"58348","1","Question","2019-08-28 20:09:36","1","41","<python><clustering><dimensionality-reduction>","1",""
"58351","1","Question","2019-08-28 22:36:53","0","992","<python><pandas><image-preprocessing>","1",""
"58353","1","Question","2019-08-29 02:28:51","1","50","<linear-regression><svm>","1",""
"58361","1","Question","2019-08-29 05:22:17","1","338","<python><logistic-regression>","2",""
"58362","1","Question","2019-08-29 06:00:00","0","139","<deep-learning><dataset><image-classification><training><image-preprocessing>","1",""
"58363","1","Question","2019-08-29 06:45:38","8","177","<machine-learning><neural-network><time-series><linear-regression>","2","3"
"58366","1","Question","2019-08-29 07:22:09","0","67","<machine-learning><recommender-system>","1",""
"58367","1","Question","2019-08-29 07:48:33","0","41","<machine-learning>","0",""
"58368","1","Question","2019-08-29 07:54:57","1","19","<machine-learning><performance><variance>","0",""
"58369","1","Question","2019-08-29 07:59:25","1","29","<python><scikit-learn><clustering>","1",""
"58370","1","Question","2019-08-29 08:13:29","1","34","<machine-learning><keras><tensorflow><rnn>","0",""
"58372","1","Question","2019-08-29 09:09:21","1","560","<python><nlp>","1",""
"46066","1","Question","2019-02-22 20:32:16","1","102","<classification><regression><pytorch><outlier>","0",""
"46070","1","Question","2019-02-22 21:56:02","2","64","<neural-network><keras><scikit-learn><tensorflow><model-selection>","1",""
"46071","1","Question","2019-02-22 22:05:04","1","15","<deep-learning><image-classification>","0",""
"46072","1","Question","2019-02-22 23:00:12","1","59","<regression><counts>","0",""
"46076","1","Question","2019-02-23 05:43:06","3","653","<machine-learning><classification><cross-validation><confusion-matrix><smote>","1",""
"46077","1","Question","2019-02-23 05:50:59","2","188","<python><pandas>","1",""
"46078","1","Question","2019-02-23 05:59:32","1","96","<machine-learning>","0",""
"46079","1","Question","2019-02-23 06:30:46","1","16","<python><numpy><numerical>","0",""
"46087","1","Question","2019-02-23 09:00:25","1","24","<machine-learning><dataset>","1",""
"46090","1","Question","2019-02-23 09:16:20","2","100","<python><tensorflow><loss-function><policy-gradients>","0",""
"46092","1","Question","2019-02-23 10:31:08","3","4724","<machine-learning><python><scikit-learn><clustering><dbscan>","2",""
"46093","1","Question","2019-02-23 13:23:21","1","566","<neural-network><keras><regression><predictive-modeling>","1",""
"46097","1","Question","2019-02-23 14:54:42","1","91","<lstm><mini-batch-gradient-descent><reshape>","1",""
"46098","1","Question","2019-02-23 14:56:32","2","157","<machine-learning><deep-learning><nlp><cnn><convolution>","0",""
"46102","1","Question","2019-02-23 17:42:24","4","3049","<jupyter><anaconda>","3",""
"46103","1","Question","2019-02-23 17:57:41","0","139","<visualization><data><pca><dimensionality-reduction>","1",""
"46104","1","Question","2019-02-23 18:30:02","1","138","<career>","1",""
"46105","1","Question","2019-02-23 19:02:25","1","55","<predictive-modeling>","0",""
"46106","1","Question","2019-02-23 19:55:38","2","8280","<machine-learning><clustering><k-means><dbscan>","2","0"
"46108","1","Question","2019-02-23 22:11:53","1","30","<python><time-series><supervised-learning><gradient-descent>","0",""
"46110","1","Question","2019-02-24 00:09:56","1","43","<neural-network><javascript>","1",""
"46111","1","Question","2019-02-24 00:21:01","1","1626","<python><pandas>","1",""
"46114","1","Question","2019-02-24 01:20:20","1","93","<machine-learning>","1",""
"46117","1","Question","2019-02-24 02:50:27","12","25629","<seaborn>","4","1"
"46120","1","Question","2019-02-24 03:35:16","2","309","<machine-learning><boosting>","1",""
"46124","1","Question","2019-02-24 07:27:47","16","15403","<keras><prediction><backpropagation><cost-function><methods>","1","5"
"46125","1","Question","2019-02-24 07:31:12","1","301","<machine-learning><deep-learning><neural-network><keras><convolutional-neural-network>","0",""
"46128","1","Question","2019-02-24 08:58:39","2","2161","<python><scikit-learn><similarity><graphs><numpy>","2","1"
"46132","1","Question","2019-02-24 09:40:40","0","2541","<regression><seaborn>","2","0"
"46135","1","Question","2019-02-24 11:29:39","1","913","<bayesian-networks><probabilistic-programming>","0","1"
"46140","1","Question","2019-02-24 14:07:59","2","312","<lstm><feature-scaling>","1",""
"46141","1","Question","2019-02-24 14:28:34","2","90","<career>","1",""
"46145","1","Question","2019-02-24 16:04:01","0","91","<python><clustering><k-means>","4","1"
"46147","1","Question","2019-02-24 16:26:45","2","95","<machine-learning><python><deep-learning><recommender-system>","4",""
"46149","1","Question","2019-02-24 16:48:56","1","13609","<dataframe>","2",""
"46157","1","Question","2019-02-24 18:40:47","0","1165","<r><k-means><categorical-data><excel>","1",""
"46159","1","Question","2019-02-24 20:14:24","1","101","<neural-network><backpropagation><javascript>","1",""
"46164","1","Question","2019-02-23 16:58:05","2","2093","<deep-learning><computer-vision><object-recognition>","1","1"
"46168","1","Question","2019-02-25 00:00:10","1","616","<deep-learning>","1",""
"46170","1","Question","2019-02-25 00:20:02","1","23","<neural-network><regression>","1",""
"46171","1","Question","2019-02-25 02:24:10","0","295","<deep-learning><nlp><attention-mechanism><transformer>","1",""
"46172","1","Question","2019-02-25 02:28:39","0","52","<regression><xgboost><boosting>","2",""
"46173","1","Question","2019-02-25 05:00:29","6","16900","<deep-learning><gpu>","1","1"
"46179","1","Question","2019-02-25 07:10:34","2","108","<machine-learning><decision-trees>","1",""
"46180","1","Question","2019-02-25 07:54:56","4","2987","<machine-learning><cnn><computer-vision>","1","1"
"46182","1","Question","2019-02-25 08:36:39","2","4075","<keras><tensorflow>","1",""
"46183","1","Question","2019-02-25 09:20:05","4","265","<python><pandas>","2",""
"58376","1","Question","2019-08-29 10:30:50","19","7915","<neural-network><deep-learning><attention-mechanism><softmax>","4","6"
"58377","1","Question","2019-08-29 11:04:26","0","857","<scikit-learn><random-forest><multilabel-classification><pipelines>","1","1"
"58378","1","Question","2019-08-29 11:16:07","0","303","<feature-selection><variance>","1",""
"58380","1","Question","2019-08-29 12:08:54","0","510","<nlp><lstm><rnn>","1",""
"58383","1","Question","2019-08-29 12:30:24","1","117","<machine-learning><random-forest><evaluation>","0","1"
"58385","1","Question","2019-08-29 13:11:22","3","2342","<cnn><pytorch>","1","1"
"58393","1","Question","2019-08-29 16:25:12","1","721","<predictive-modeling><data><machine-learning-model>","1",""
"58404","1","Question","2019-08-29 20:30:13","1","14","<machine-learning><python><finance>","0",""
"58407","1","Question","2019-08-30 01:35:13","1","1151","<machine-learning><feature-selection><xgboost><feature-engineering>","1",""
"58409","1","Question","2019-08-30 02:23:30","1","26","<machine-learning>","1",""
"58413","1","Question","2019-08-30 08:03:56","0","409","<python><numpy>","2",""
"58414","1","Question","2019-08-30 09:17:19","5","88","<time-series><pandas><correlation><scipy>","1","2"
"58415","1","Question","2019-08-30 10:17:39","3","2804","<neural-network><pytorch>","1","1"
"58421","1","Question","2019-08-30 13:59:24","-1","49","<classification><k-nn>","1",""
"58422","1","Question","2019-08-30 14:23:13","6","285","<machine-learning><classification>","1","1"
"58424","1","Question","2019-08-30 14:41:20","1","396","<regression>","1",""
"58427","1","Question","2019-08-30 15:03:10","2","1086","<neural-network><keras><tensorflow><training><ensemble-modeling>","1","1"
"58433","1","Question","2019-08-30 17:55:55","4","215","<scikit-learn><multiclass-classification><class-imbalance><smote><imbalanced-learn>","1","2"
"58434","1","Question","2019-08-30 18:17:43","0","47","<machine-learning><python><neural-network><cnn><image-classification>","1","1"
"58438","1","Question","2019-08-30 20:41:37","3","105","<random-forest><logistic-regression><class-imbalance>","2","2"
"58439","1","Question","2019-08-30 20:42:33","0","90","<accuracy><metric>","1",""
"58444","1","Question","2019-08-31 01:57:41","0","10","<regression>","1",""
"58446","1","Question","2019-08-31 03:17:50","1","76","<machine-learning><time-series><rnn><forecasting><distribution>","1","1"
"58447","1","Question","2019-08-31 03:33:27","1","18","<classification><pandas><hierarchical-data-format><dummy-variables>","1",""
"58448","1","Question","2019-08-31 03:40:57","0","65","<machine-learning><classification><logistic-regression><probability>","1","0"
"58453","1","Question","2019-08-31 06:07:53","0","30","<machine-learning><cnn><machine-learning-model><word-embeddings><matlab>","0",""
"58454","1","Question","2019-08-31 06:17:33","1","48","<scikit-learn>","1",""
"58463","1","Question","2019-08-31 12:39:39","3","205","<machine-learning><neural-network><image-classification><machine-learning-model>","1",""
"58465","1","Question","2019-08-31 13:07:20","1","114","<python><deep-learning><tensorflow><computer-vision>","1","0"
"58471","1","Question","2019-08-31 15:14:13","0","4024","<lstm><rnn><training><backpropagation>","1",""
"58472","1","Question","2019-08-31 15:26:21","0","36","<statistics><descriptive-statistics>","1",""
"58473","1","Question","2019-08-31 16:33:45","1","88","<python><scikit-learn>","1",""
"58478","1","Question","2019-08-31 18:34:15","0","22","<deep-learning><labels><annotation>","0",""
"58481","1","Question","2019-08-31 20:01:31","1","12","<machine-learning><svm><data-science-model>","0",""
"58484","1","Question","2019-08-31 23:37:42","0","74","<python><pandas>","1",""
"58487","1","Question","2019-09-01 03:41:04","1","104","<machine-learning><neural-network>","2",""
"58488","1","Question","2019-09-01 04:12:38","2","112","<scikit-learn><regression><boosting><predictor-importance>","0",""
"58490","1","Question","2019-09-01 05:14:20","1","123","<neural-network><deep-learning><loss-function><autoencoder>","0",""
"58491","1","Question","2019-09-01 05:18:55","0","26","<clustering><unsupervised-learning><dbscan>","1",""
"58494","1","Question","2019-09-01 07:35:22","1","28","<sampling><variance><multivariate-distribution>","1","2"
"58496","1","Question","2019-09-01 07:49:28","1","71","<python><keras><scikit-learn><numpy><reshape>","0",""
"58498","1","Question","2019-09-01 10:25:22","0","32","<linear-regression>","1",""
"58506","1","Question","2019-09-01 15:51:10","0","562","<machine-learning><deep-learning><keras><cross-validation><accuracy>","1",""
"58509","1","Question","2019-09-01 17:38:02","0","226","<machine-learning><python><regression><feature-selection>","1",""
"58510","1","Question","2019-09-01 18:38:04","0","933","<machine-learning><dataset><machine-learning-model><data-science-model>","1",""
"58518","1","Question","2019-09-01 23:09:54","3","322","<machine-learning><evaluation><variance><bias>","1",""
"58520","1","Question","2019-09-02 00:42:42","1","1822","<python><csv><etl>","2",""
"46187","1","Question","2019-02-25 10:41:10","2","41","<python><pandas>","1",""
"46188","1","Question","2019-02-25 10:47:42","1","149","<machine-learning><multiclass-classification><multilabel-classification><labels>","0",""
"46189","1","Question","2019-02-25 10:58:03","1","195","<classification><computer-vision><image-preprocessing>","1",""
"46190","1","Question","2019-02-25 12:01:13","1","89","<python><neural-network><keras><tensorflow><cnn>","1",""
"46192","1","Question","2019-02-25 12:17:32","7","177","<neural-network><classification><keras><nlp><text>","2","2"
"46197","1","Question","2019-02-25 13:22:02","3","38","<probability><bayesian-networks>","1",""
"46201","1","Question","2019-02-25 13:47:21","3","267","<machine-learning><feature-selection><feature-extraction><correlation>","1",""
"46202","1","Question","2019-02-25 13:47:48","4","95","<lstm><difference>","1",""
"46203","1","Question","2019-02-25 14:03:02","2","36","<python><predictive-modeling><data-cleaning><missing-data><data-imputation>","1",""
"46204","1","Question","2019-02-25 14:05:07","2","33","<classification><predictive-modeling><statistics><algorithms><multiclass-classification>","0",""
"46207","1","Question","2019-02-25 14:48:44","1","152","<keras><lstm><error-handling>","1","1"
"46208","1","Question","2019-02-25 14:52:47","1","46","<machine-learning><neural-network>","1",""
"46211","1","Question","2019-02-25 16:22:37","1","44","<visualization><graphs><tableau>","0",""
"46214","1","Question","2019-02-25 16:46:48","3","1732","<python><visualization><orange><anaconda>","0",""
"46215","1","Question","2019-02-25 17:19:29","4","4433","<python><neural-network><keras><scikit-learn>","1","1"
"46217","1","Question","2019-02-25 17:31:49","1","105","<machine-learning><python><scikit-learn><svm><machine-learning-model>","1",""
"46218","1","Question","2019-02-25 19:07:04","3","790","<scikit-learn><multiclass-classification><encoding>","1",""
"46220","1","Question","2019-02-25 19:24:18","3","890","<multilabel-classification><confusion-matrix>","1",""
"46225","1","Question","2019-02-25 20:21:16","1","82","<keras>","0",""
"46228","1","Question","2019-02-25 20:50:50","5","3209","<neural-network><multilabel-classification><mnist>","3",""
"46231","1","Question","2019-02-25 22:44:39","1","85","<clustering><hierarchical-data-format>","1",""
"46239","1","Question","2019-02-26 06:01:12","0","78","<clustering><embeddings><hierarchical-data-format>","2",""
"46243","1","Question","2019-02-26 08:24:03","0","507","<python><pandas>","2",""
"46245","1","Question","2019-02-26 08:51:33","6","1816","<machine-learning><reinforcement-learning>","1","1"
"46246","1","Question","2019-02-26 09:29:12","3","52","<python><pandas>","1",""
"46247","1","Question","2019-02-26 09:44:28","1","21","<machine-learning>","1","1"
"46249","1","Question","2019-02-26 10:44:44","1","1283","<classification><lstm><text-mining><rnn><named-entity-recognition>","3",""
"46251","1","Question","2019-02-26 11:13:01","0","65","<python><scikit-learn><nlp>","1",""
"46252","1","Question","2019-02-26 11:13:37","3","1918","<python><neural-network><keras><regression>","2",""
"46256","1","Question","2019-02-26 12:12:37","3","135","<python><pandas><feature-engineering>","1","1"
"46258","1","Question","2019-02-26 12:32:50","3","2636","<time-series><encoding><sequence-to-sequence>","1",""
"46266","1","Question","2019-02-26 14:52:37","0","102","<machine-learning><reinforcement-learning><policy-gradients>","1",""
"46270","1","Question","2019-02-26 15:41:00","1","164","<lstm><training><prediction>","1",""
"46272","1","Question","2019-02-26 15:55:49","2","36","<neural-network><feature-engineering><feature-scaling>","1","3"
"46274","1","Question","2019-02-26 16:29:22","1","377","<machine-learning><statistics><association-rules>","1","3"
"46275","1","Question","2019-02-26 17:08:00","1","105","<neural-network>","1",""
"46284","1","Question","2019-02-27 00:45:23","2","66","<data><career>","0",""
"46295","1","Question","2019-02-27 05:32:02","1","73","<reinforcement-learning><markov-process><monte-carlo>","1",""
"46297","1","Question","2019-02-27 06:06:16","0","71","<python><scikit-learn><pandas>","2",""
"46298","1","Question","2019-02-27 06:06:59","0","155","<weka>","2",""
"46299","1","Question","2019-02-27 06:18:04","1","526","<python><cnn>","1",""
"46304","1","Question","2019-02-27 07:58:51","1","186","<machine-learning><machine-learning-model>","1","2"
"46305","1","Question","2019-02-27 08:00:25","4","817","<machine-learning><neural-network><deep-learning><keras><pytorch>","1","1"
"46306","1","Question","2019-02-27 08:07:24","1","109","<cnn><image-classification><notation>","1",""
"58523","1","Question","2019-09-02 03:09:54","1","16","<machine-learning><neural-network><statistics><bayesian-networks>","0",""
"58530","1","Question","2019-09-02 06:49:20","1","362","<machine-learning><neural-network><deep-learning>","1",""
"58531","1","Question","2019-09-02 06:58:29","0","1966","<python><pandas><dataframe>","2",""
"58532","1","Question","2019-09-02 07:26:20","1","721","<python><seaborn>","1",""
"58538","1","Question","2019-09-02 08:52:04","1","16","<bigdata><density-estimation>","0","1"
"58540","1","Question","2019-09-02 09:18:41","2","34","<machine-learning><python><scikit-learn><tensorflow><pytorch>","1",""
"58542","1","Question","2019-09-02 10:55:06","1","22","<classification><algorithms><feature-engineering><multiclass-classification>","0",""
"58546","1","Question","2019-09-02 12:07:54","2","80848","<python><pandas><dataframe>","1",""
"58547","1","Question","2019-09-02 12:15:02","0","65","<dataset><cnn><accuracy><hyperparameter-tuning><gridsearchcv>","1",""
"58552","1","Question","2019-09-02 13:12:48","1","134","<python><scikit-learn><clustering><pca><dimensionality-reduction>","1",""
"58557","1","Question","2019-09-02 15:25:56","0","25","<cross-validation>","1",""
"58560","1","Question","2019-09-02 16:45:03","0","42","<nlp><word2vec><word-embeddings><gensim>","1",""
"58561","1","Question","2019-09-02 16:53:52","0","69","<classification><random-forest>","1",""
"58563","1","Question","2019-09-02 17:57:33","1","216","<lstm>","0",""
"58565","1","Question","2019-09-02 18:30:22","1","4138","<machine-learning><decision-trees>","2","1"
"58568","1","Question","2019-09-02 21:53:07","4","457","<machine-learning><optimization><accuracy><deep-learning>","0","0"
"58570","1","Question","2019-09-02 22:04:17","0","231","<python><algorithms>","1",""
"58572","1","Question","2019-09-02 22:14:18","0","33","<python>","0",""
"58577","1","Question","2019-09-03 00:52:15","11","2960","<machine-learning><keras><scikit-learn>","3","6"
"58581","1","Question","2019-09-03 01:40:59","1","91","<data-mining><dbscan><research><implementation>","1","1"
"58582","1","Question","2019-09-03 02:42:50","1","45","<machine-learning><time-series><clustering>","1",""
"58583","1","Question","2019-09-03 04:24:33","0","20","<machine-learning><anomaly-detection><outlier><markov-process>","0",""
"58585","1","Question","2019-09-03 05:57:08","0","31","<r><data><homework>","0",""
"58586","1","Question","2019-09-03 07:12:55","0","160","<tensorflow><gpu><distributed>","1","1"
"58594","1","Question","2019-09-03 09:48:16","-3","65","<machine-learning><python><dataset>","1","0"
"58597","1","Question","2019-09-03 10:24:06","4","492","<machine-learning><neural-network><supervised-learning><normalization>","3","5"
"58600","1","Question","2019-09-03 11:04:14","3","347","<feature-selection><feature-extraction><unsupervised-learning>","1",""
"58603","1","Question","2019-09-03 11:36:24","2","30","<hardware><project-planning>","1",""
"58605","1","Question","2019-09-03 12:34:36","0","92","<dataset><data-cleaning><preprocessing><outlier>","1",""
"58606","1","Question","2019-09-03 12:38:00","0","202","<machine-learning><python><keras><cnn><image-classification>","1",""
"58607","1","Question","2019-09-03 13:41:26","1","59","<orange><orange3>","0",""
"58616","1","Question","2019-09-03 17:06:55","1","26","<python><tensorflow>","1",""
"58622","1","Question","2019-09-03 18:11:30","1","137","<python><pandas><excel>","1",""
"58626","1","Question","2019-09-03 19:02:31","0","83","<predictive-modeling>","1","0"
"58627","1","Question","2019-09-03 19:36:26","1","19","<cnn>","1",""
"58629","1","Question","2019-09-03 20:00:06","3","172","<nlp>","1",""
"58630","1","Question","2019-09-03 20:31:11","1","216","<machine-learning><neural-network><deep-learning><linear-regression><svm>","2",""
"58631","1","Question","2019-09-03 20:36:30","5","1246","<python><prediction><class-imbalance>","2","3"
"58639","1","Question","2019-09-03 23:33:09","0","243","<machine-learning><python><cnn><image-classification><image-recognition>","1","2"
"58641","1","Question","2019-09-04 03:05:53","3","169","<regression><decision-trees>","1",""
"58644","1","Question","2019-09-04 05:57:26","3","495","<machine-learning><dataset><training><reference-request>","2","2"
"58649","1","Question","2019-09-04 08:20:39","1","213","<python><deep-learning><keras><tensorflow>","1",""
"58652","1","Question","2019-09-04 08:57:16","-1","16","<clustering><web-scraping>","1",""
"58654","1","Question","2019-09-04 09:00:23","1","373","<image-recognition><object-detection>","0","4"
"58656","1","Question","2019-09-04 10:06:06","0","1102","<machine-learning><python><hyperparameter><gridsearchcv><lightgbm>","1",""
"58659","1","Question","2019-09-04 11:26:31","0","25","<keras><scikit-learn><tensorflow>","1",""
"58661","1","Question","2019-09-04 11:31:20","1","158","<nlp><information-retrieval>","1",""
"58662","1","Question","2019-09-04 11:35:28","1","80","<machine-learning><python><multiclass-classification><multilabel-classification>","1",""
"58666","1","Question","2019-09-04 12:56:23","0","239","<machine-learning><classification><anomaly-detection><c>","1",""
"58670","1","Question","2019-09-04 13:46:13","0","914","<xgboost><parallel><processing>","1",""
"58673","1","Question","2019-09-04 14:00:18","1","90","<machine-learning><python><deep-learning>","1",""
"58677","1","Question","2019-09-04 14:52:51","1","21","<neural-network><nlp><language-model>","0",""
"58681","1","Question","2019-09-04 15:50:35","1","43","<data><data-cleaning><cross-validation>","1",""
"58682","1","Question","2019-09-04 15:58:22","2","60","<neural-network><mathematics>","0","2"
"58683","1","Question","2019-09-04 16:14:35","3","53","<deep-learning><aws>","1",""
"58686","1","Question","2019-09-04 17:05:09","2","3374","<machine-learning><classification>","1",""
"58689","1","Question","2019-09-04 18:45:01","9","107","<r><feature-selection><correlation>","2","4"
"58690","1","Question","2019-09-04 19:00:07","1","33","<neural-network><autoencoder>","0",""
"58691","1","Question","2019-09-04 19:16:57","0","130","<nlp><transfer-learning><bert>","1",""
"58694","1","Question","2019-09-04 22:52:53","3","4560","<neural-network><keras><time-series><lstm><rnn>","1",""
"58697","1","Question","2019-09-05 01:44:31","1","41","<machine-learning><clustering><data><algorithms>","0",""
"58698","1","Question","2019-09-05 02:13:17","2","36","<machine-learning>","1",""
"46310","1","Question","2019-02-27 08:49:56","2","65","<machine-learning><neural-network><deep-learning><clustering><gmm>","1","1"
"46311","1","Question","2019-02-27 09:18:59","2","389","<machine-learning><neural-network><deep-learning><regression><cnn>","1",""
"46312","1","Question","2019-02-27 09:30:03","3","2860","<lstm><word-embeddings>","2","2"
"46319","1","Question","2019-02-27 10:12:33","0","2115","<machine-learning-model><data-science-model>","3","0"
"46321","1","Question","2019-02-27 11:49:01","3","43","<machine-learning><neural-network><regression><probability>","0",""
"46329","1","Question","2019-02-27 13:17:18","2","602","<python><classification><text-mining><multiclass-classification>","0","2"
"46332","1","Question","2019-02-27 14:53:54","1","7689","<machine-learning><python><scikit-learn><time-series><regression>","1",""
"46335","1","Question","2019-02-27 15:42:33","2","829","<machine-learning><python><pandas><dataframe>","2",""
"46336","1","Question","2019-02-27 15:49:52","0","48","<preprocessing><feature-scaling>","1",""
"46344","1","Question","2019-02-27 18:07:05","1","998","<machine-learning><tensorflow><ocr>","1","1"
"46350","1","Question","2019-02-27 20:04:16","1","313","<lstm><loss-function>","1",""
"46351","1","Question","2019-02-27 20:04:32","1","45","<python><data-formats>","2",""
"46353","1","Question","2019-02-27 20:39:47","2","42","<nlp><lstm><cnn>","1","1"
"46357","1","Question","2019-02-27 23:30:52","0","115","<keras><image-classification><pytorch>","1",""
"46360","1","Question","2019-02-28 01:15:21","1","416","<neural-network><logistic-regression><perceptron><classifier>","3",""
"46364","1","Question","2019-02-28 03:39:19","0","84","<machine-learning><optimization><gradient-descent><mini-batch-gradient-descent>","2",""
"46367","1","Question","2019-02-28 06:39:24","1","419","<scikit-learn><online-learning>","0",""
"46368","1","Question","2019-02-28 06:45:28","1","67","<machine-learning><neural-network><dataset><regression>","2",""
"46371","1","Question","2019-02-28 06:55:48","2","91","<similarity><distance><text><cosine-distance>","3","2"
"46374","1","Question","2019-02-28 08:19:36","2","124","<lstm><deep-learning><epochs>","1",""
"46375","1","Question","2019-02-28 08:26:08","1","47","<probability><bayesian>","3",""
"46377","1","Question","2019-02-28 08:37:42","15","6418","<neural-network><deep-learning><attention-mechanism><transformer><bert>","1","2"
"46387","1","Question","2019-02-28 11:02:49","1","459","<python><keras><regression><lstm><accuracy>","1",""
"46388","1","Question","2019-02-28 11:10:28","3","830","<lstm>","3",""
"46394","1","Question","2019-02-28 12:27:05","0","54","<python><scikit-learn><k-means><machine-learning-model>","1",""
"46404","1","Question","2019-02-28 14:12:28","2","856","<machine-learning><python><statistics><numpy><gaussian>","1","1"
"46407","1","Question","2019-02-28 15:18:17","0","888","<deep-learning><convolutional-neural-network><batch-normalization>","2",""
"46412","1","Question","2019-02-28 16:35:19","0","2852","<python><visualization>","1",""
"46420","1","Question","2019-02-28 19:38:26","6","1928","<machine-learning><nlp><nltk>","3",""
"46422","1","Question","2019-02-28 20:36:51","1","105","<python><keras><rnn>","0",""
"46425","1","Question","2019-02-28 21:15:27","-1","611","<pandas><jupyter><matplotlib>","1",""
"46430","1","Question","2019-02-28 22:32:38","1","95","<cross-validation>","1",""
"46434","1","Question","2019-03-01 00:39:31","3","22477","<pandas><dataframe><difference>","1","1"
"46435","1","Question","2019-03-01 01:27:46","1","336","<machine-learning><neural-network><cnn><convolution><kernel>","1",""
"46437","1","Question","2019-03-01 05:23:54","8","41634","<pandas><dataframe><excel><data-table>","4","3"
"46438","1","Question","2019-03-01 05:49:12","2","131","<machine-learning><deep-learning><time-series><dataset><reinforcement-learning>","1",""
"46439","1","Question","2019-03-01 06:06:20","2","227","<categorical-data><data-analysis>","1",""
"46444","1","Question","2019-03-01 07:08:00","3","3347","<machine-learning><scikit-learn><regression><decision-trees><linear-regression>","1",""
"46452","1","Question","2019-03-01 09:01:14","0","227","<lstm><loss-function><epochs>","1",""
"58701","1","Question","2019-09-05 05:00:59","1","30","<python><tensorflow><nlp>","0",""
"58702","1","Question","2019-09-05 05:19:31","2","1100","<machine-learning><neural-network><deep-learning>","2",""
"58708","1","Question","2019-09-05 07:31:54","0","1406","<machine-learning><neural-network><classification><prediction><mlp>","2",""
"58709","1","Question","2019-09-05 07:54:36","0","91","<machine-learning><python><scikit-learn><pandas><kaggle>","1",""
"58712","1","Question","2019-09-05 08:46:32","0","140","<neural-network><time-series><svm><forecast><lightgbm>","1",""
"58713","1","Question","2019-09-05 08:55:02","0","619","<python><optimization><genetic-algorithms>","2",""
"58719","1","Question","2019-09-05 09:40:05","0","711","<machine-learning><deep-learning><nlp><text-mining>","3",""
"58720","1","Question","2019-09-05 09:58:11","2","1017","<machine-learning><classification><scikit-learn><categorical-data><naive-bayes-classifier>","1","1"
"58722","1","Question","2019-09-05 10:42:58","4","84","<machine-learning><time-series><lstm><rnn>","1",""
"58725","1","Question","2019-09-05 12:40:22","1","268","<machine-learning><dataset><data><databases>","1",""
"58728","1","Question","2019-09-05 13:22:36","3","18153","<deep-learning><cnn><rnn>","1","4"
"58729","1","Question","2019-09-05 13:49:33","0","51","<evaluation><class-imbalance><imbalanced-learn>","1","1"
"58731","1","Question","2019-09-05 13:58:47","3","5181","<neural-network><deep-learning><tensorflow><training><loss-function>","2","1"
"58732","1","Question","2019-09-05 14:05:25","1","19","<machine-learning><classification><supervised-learning>","1",""
"58735","1","Question","2019-09-05 14:27:44","6","8416","<keras><tensorflow><class-imbalance>","2","1"
"58736","1","Question","2019-09-05 14:56:23","1","65","<machine-learning><predictive-modeling><lightgbm>","1","1"
"58737","1","Question","2019-09-05 15:04:22","1","204","<machine-learning><python><time-series>","1",""
"58745","1","Question","2019-09-05 16:41:49","0","730","<decision-trees>","3",""
"58749","1","Question","2019-09-05 17:40:12","1","42","<python><deep-learning><keras><reinforcement-learning><q-learning>","0",""
"58753","1","Question","2019-09-05 19:04:19","2","4624","<python><scikit-learn><logistic-regression>","1",""
"58756","1","Question","2019-09-05 20:19:49","1","30","<machine-learning><decision-trees><implementation>","0",""
"58757","1","Question","2019-09-05 20:45:29","0","80","<regression>","0",""
"58758","1","Question","2019-09-05 21:39:38","2","64","<machine-learning><time-series><forecasting>","0",""
"58759","1","Question","2019-09-05 23:09:37","3","87","<machine-learning><python><anomaly-detection>","3","1"
"58760","1","Question","2019-09-05 23:23:28","1","26","<machine-learning><sequence>","0",""
"58761","1","Question","2019-09-05 23:42:04","1","42","<dataset><open-source><crawling>","1",""
"58762","1","Question","2019-09-06 00:36:05","0","733","<data><visualization>","1",""
"58764","1","Question","2019-09-06 04:25:14","1","371","<optimization><gradient-descent>","3",""
"58766","1","Question","2019-09-06 06:46:11","0","60","<machine-learning><python><scikit-learn><linear-regression><data-science-model>","1",""
"58768","1","Question","2019-09-06 07:03:09","0","232","<predictive-modeling><random-forest><machine-learning-model>","2",""
"58773","1","Question","2019-09-06 08:20:47","0","25","<time-series><prediction>","1",""
"58775","1","Question","2019-09-06 08:29:46","4","989","<machine-learning><nltk><tfidf>","3",""
"58777","1","Question","2019-09-06 08:56:23","3","790","<machine-learning><python><keras><accuracy><matplotlib>","1","1"
"58781","1","Question","2019-09-06 10:10:15","2","1335","<keras><tensorflow><time-series><cnn><lstm>","1",""
"58784","1","Question","2019-09-06 11:36:27","2","217","<machine-learning><classification><feature-selection><random-forest><predictor-importance>","1",""
"58785","1","Question","2019-09-06 12:00:16","1","434","<deep-learning><cnn><batch-normalization>","1",""
"58788","1","Question","2019-09-06 12:26:39","1","29","<machine-learning><machine-learning-model><nlp><model-selection>","1",""
"58789","1","Question","2019-09-06 12:28:49","1","375","<python><pandas><dataframe><jupyter><image>","0",""
"58791","1","Question","2019-09-06 12:42:40","1","71","<data-cleaning><outlier>","2",""
"58792","1","Question","2019-09-06 13:22:46","0","69","<scikit-learn><linear-regression><logistic-regression><missing-data>","0","1"
"58794","1","Question","2019-09-06 13:51:02","1","60","<nlp><transformer>","0",""
"58795","1","Question","2019-09-06 13:56:08","0","328","<classification>","1",""
"58799","1","Question","2019-09-06 16:45:57","2","42","<reinforcement-learning>","1",""
"46453","1","Question","2019-03-01 09:02:19","2","137","<deep-learning><cnn>","0","1"
"46454","1","Question","2019-03-01 09:08:53","0","960","<time-series><clustering><unsupervised-learning><anomaly-detection>","2","1"
"46456","1","Question","2019-03-01 09:22:37","1","1563","<machine-learning><python><dataset><training><object-detection>","1","0"
"46457","1","Question","2019-03-01 09:59:36","2","79","<lstm><code>","1","1"
"46459","1","Question","2019-03-01 10:27:30","1","40","<lstm>","0","2"
"46469","1","Question","2019-03-01 13:45:07","2","185","<reinforcement-learning>","2",""
"46470","1","Question","2019-03-01 14:23:48","1","105","<classification><regression><feature-extraction><feature-engineering>","0","1"
"46471","1","Question","2019-03-01 14:37:46","1","320","<pytorch>","1",""
"46472","1","Question","2019-03-01 15:16:07","3","222","<scikit-learn><decision-trees>","3","1"
"46483","1","Question","2019-03-01 18:10:18","10","3897","<classification><multiclass-classification>","5","3"
"46488","1","Question","2019-03-01 19:59:18","1","1198","<python><deep-learning><keras><regression>","2",""
"46489","1","Question","2019-03-01 20:09:29","0","86","<machine-learning><pca>","2",""
"46491","1","Question","2019-03-01 20:43:03","15","13083","<keras><lstm>","2","5"
"46492","1","Question","2019-03-01 20:50:38","1","94","<machine-learning><cnn>","1",""
"46493","1","Question","2019-03-01 20:57:56","0","61","<deep-learning><recommender-system><word2vec><similarity>","1",""
"46494","1","Question","2019-03-01 20:59:04","0","92","<classification>","3",""
"46500","1","Question","2019-03-01 22:32:36","1","22","<clustering><recommender-system>","0","0"
"46501","1","Question","2019-03-01 23:01:26","2","35","<machine-learning><dataset><machine-learning-model><audio-recognition>","1",""
"46507","1","Question","2019-03-02 05:58:05","3","600","<lstm>","1","2"
"46508","1","Question","2019-03-02 06:33:53","1","177","<gan>","1",""
"46510","1","Question","2019-03-02 07:53:51","1","43","<clustering><text-mining><anomaly-detection>","0",""
"46514","1","Question","2019-03-02 10:05:54","1","2520","<machine-learning><data-mining><svm><logistic-regression><multiclass-classification>","1",""
"46515","1","Question","2019-03-02 10:25:00","1","11","<lstm>","0","1"
"46518","1","Question","2019-03-02 11:03:48","1","497","<machine-learning><logistic-regression><naive-bayes-classifier>","3",""
"46523","1","Question","2019-03-02 13:28:37","2","7588","<deep-learning><tensorflow>","3",""
"46526","1","Question","2019-03-02 14:06:33","1","19","<machine-learning><regression>","0",""
"46527","1","Question","2019-03-02 14:33:24","0","52","<time-series>","1",""
"46528","1","Question","2019-03-02 15:31:41","0","18","<python><statistics><ipython><descriptive-statistics><mathematics>","1",""
"46538","1","Question","2019-03-02 18:24:54","0","187","<machine-learning><regression>","2",""
"46540","1","Question","2019-03-02 18:50:55","0","356","<deep-learning><lstm><rnn>","1",""
"46541","1","Question","2019-03-02 19:05:52","1","3678","<python><pandas><dataframe>","2",""
"46545","1","Question","2019-03-02 21:06:50","0","5756","<python><nltk>","2",""
"46546","1","Question","2019-03-02 21:19:02","0","28","<mathematics>","2",""
"46551","1","Question","2019-03-03 02:15:50","1","412","<python><classification><prediction>","1",""
"46552","1","Question","2019-03-03 02:44:51","1","93","<python><scikit-learn><nlp><similarity><text>","0","1"
"46553","1","Question","2019-03-03 03:24:15","2","102","<dataset>","2",""
"46559","1","Question","2019-03-03 05:20:59","2","42","<machine-learning><neural-network><deep-learning><lstm><rnn>","1",""
"46560","1","Question","2019-03-03 05:30:48","0","222","<scikit-learn><clustering><k-means>","1",""
"46561","1","Question","2019-03-03 07:05:49","2","1177","<tensorflow><cnn>","1",""
"46562","1","Question","2019-03-03 07:10:55","1","20","<lstm><loss-function>","1",""
"46565","1","Question","2019-03-03 08:09:34","0","1414","<data-cleaning>","1",""
"46569","1","Question","2019-03-03 09:50:00","1","753","<performance><nltk>","0",""
"46575","1","Question","2019-03-03 11:40:51","3","1010","<python><regression><pandas><numpy><svr>","1",""
"46580","1","Question","2019-03-03 14:27:04","0","470","<python><tensorflow><bigdata>","1","1"
"46586","1","Question","2019-03-03 16:35:03","2","66","<machine-learning><data-science-model>","2",""
"58811","1","Question","2019-09-07 03:39:01","1","45","<python><c>","1",""
"58812","1","Question","2019-09-07 05:18:50","1","109","<machine-learning><algorithms><mlp><implementation><convergence>","0",""
"58814","1","Question","2019-09-07 07:24:42","1","577","<linear-regression><linear-algebra>","1",""
"58817","1","Question","2019-09-07 08:29:12","1","32","<machine-learning><cross-validation><evaluation>","1",""
"58822","1","Question","2019-09-07 10:30:06","3","1127","<machine-learning><confusion-matrix><mathematics>","3","1"
"58825","1","Question","2019-09-07 11:10:12","1","33","<python><scikit-learn>","1",""
"58829","1","Question","2019-09-07 14:00:09","0","45","<scikit-learn>","1",""
"58830","1","Question","2019-09-07 15:00:38","3","545","<python><deep-learning><classification><supervised-learning><audio-recognition>","2","1"
"58832","1","Question","2019-09-07 16:10:33","1","35","<data><reference-request><history>","1",""
"58838","1","Question","2019-09-07 18:21:14","2","1400","<machine-learning><neural-network>","2","0"
"58842","1","Question","2019-09-07 21:08:05","0","118","<decision-trees>","0",""
"58843","1","Question","2019-09-07 21:12:10","0","180","<machine-learning><decision-trees>","2",""
"58845","1","Question","2019-09-07 21:14:44","24","29129","<tensorflow><gpu>","3","5"
"58847","1","Question","2019-09-07 22:36:39","0","35","<hinge-loss>","1",""
"58861","1","Question","2019-09-08 15:51:44","1","1644","<python><nlp><named-entity-recognition>","1",""
"58862","1","Question","2019-09-08 16:28:28","1","25","<tensorflow>","1",""
"58872","1","Question","2019-09-08 22:36:08","0","242","<classification>","1",""
"58876","1","Question","2019-09-09 02:51:59","1","102","<neural-network><cnn><visualization><inception>","1",""
"58881","1","Question","2019-09-09 07:09:40","1","108","<machine-learning><named-entity-recognition>","3",""
"58884","1","Question","2019-09-09 07:34:52","12","10288","<keras><tensorflow><activation-function>","3","5"
"58890","1","Question","2019-09-09 09:33:09","0","6501","<python><pandas><dataframe>","2",""
"58891","1","Question","2019-09-09 09:39:27","1","274","<machine-learning><python><deep-learning><image-preprocessing>","1",""
"58894","1","Question","2019-09-09 09:58:47","0","30","<machine-learning><python><machine-learning-model><nlp>","2",""
"58901","1","Question","2019-09-09 12:18:25","1","129","<machine-learning><cross-validation>","1","0"
"58904","1","Question","2019-09-09 12:55:26","2","51","<machine-learning><scikit-learn><logistic-regression><preprocessing><normalization>","1",""
"58905","1","Question","2019-09-09 12:56:09","2","60","<k-nn>","2",""
"58907","1","Question","2019-09-09 13:28:27","0","393","<neural-network><deep-learning><tensorflow><recommender-system>","1",""
"58911","1","Question","2019-09-09 14:11:12","0","513","<deep-learning><keras>","1",""
"58913","1","Question","2019-09-09 17:34:42","0","8","<time-series>","1",""
"58914","1","Question","2019-09-09 17:42:28","1","31","<nlp>","0",""
"58920","1","Question","2019-09-09 20:01:24","0","18","<cnn><convolution>","1",""
"58927","1","Question","2019-09-09 21:15:09","0","469","<neural-network><tensorflow>","1",""
"46590","1","Question","2019-03-03 17:46:43","3","2638","<python><clustering><distance>","3",""
"46597","1","Question","2019-03-03 18:51:27","5","1880","<tensorflow><cnn><image-classification>","1","1"
"46602","1","Question","2019-03-03 20:23:50","1","104","<machine-learning><active-learning>","1",""
"46606","1","Question","2019-03-03 21:39:00","1","26","<machine-learning><xgboost>","0",""
"46609","1","Question","2019-03-03 22:00:44","1","2033","<python><time-series><feature-extraction><feature-engineering>","1","1"
"46610","1","Question","2019-03-03 22:13:00","1","158","<neural-network><tensorflow><lstm><forecast>","0",""
"46616","1","Question","2019-03-04 01:27:22","1","34","<tensorflow>","1",""
"46619","1","Question","2019-03-04 03:48:57","1","158","<machine-learning><text-mining><nlp>","0","2"
"46624","1","Question","2019-03-04 06:42:41","2","151","<boosting>","1",""
"46625","1","Question","2019-03-04 07:21:08","1","65","<machine-learning><python><nlp><confusion-matrix>","1",""
"46626","1","Question","2019-03-04 08:09:15","-1","541","<nltk>","1",""
"46627","1","Question","2019-03-04 08:40:26","0","123","<classification><tensorflow><cnn>","1",""
"46630","1","Question","2019-03-04 10:22:59","0","51","<machine-learning><deep-learning>","1",""
"46632","1","Question","2019-03-04 11:23:54","1","566","<r><clustering><feature-selection>","1",""
"46633","1","Question","2019-03-04 11:35:40","1","1040","<python><keras><tensorflow><gpu><nvidia>","1",""
"46634","1","Question","2019-03-04 11:46:46","1","84","<machine-learning><data-mining>","0",""
"46638","1","Question","2019-03-04 12:23:29","2","71","<machine-learning><theory><vc-theory><pac-learning>","1",""
"46646","1","Question","2019-03-04 15:09:30","4","887","<r><cross-validation><class-imbalance><overfitting>","1","1"
"46648","1","Question","2019-03-04 15:34:12","2","401","<nlp><language-model><representation>","1",""
"46652","1","Question","2019-03-04 17:25:25","1","49","<machine-learning><neural-network><deep-learning><regression><kernel>","1",""
"46653","1","Question","2019-03-04 17:48:51","0","23","<neural-network>","1",""
"46659","1","Question","2019-03-04 19:36:00","0","30","<machine-learning><classification><correlation>","2",""
"46660","1","Question","2019-03-04 19:45:07","0","26","<machine-learning><dataset><data-mining><windows>","1",""
"46667","1","Question","2019-03-04 22:30:23","0","184","<machine-learning><statistics><generalization>","1",""
"46672","1","Question","2019-03-04 23:26:14","1","2801","<lstm>","1","1"
"46673","1","Question","2019-03-04 23:28:53","2","178","<machine-learning><feature-engineering><model-selection>","2",""
"46674","1","Question","2019-03-04 23:32:46","3","52","<normalization>","0",""
"46679","1","Question","2019-03-05 02:57:48","8","3457","<nlp><bert>","1","2"
"46681","1","Question","2019-03-05 05:05:28","2","933","<neural-network><classification><multiclass-classification><loss-function><probability>","2","2"
"46683","1","Question","2019-03-05 05:45:31","3","471","<neural-network><classification><multiclass-classification>","1",""
"46685","1","Question","2019-03-05 06:44:17","4","5527","<python><pandas><dataframe><sql><json>","1",""
"46689","1","Question","2019-03-05 08:35:57","-1","25","<neural-network><feature-selection><feature-extraction><feature-engineering>","1",""
"46693","1","Question","2019-03-05 09:05:59","1","1722","<machine-learning><r><preprocessing><dplyr>","1",""
"46698","1","Question","2019-03-05 10:21:03","3","90","<loss-function><multilabel-classification><mlp>","1","2"
"46699","1","Question","2019-03-05 11:28:32","2","546","<machine-learning><probability><graphical-model>","2","1"
"46700","1","Question","2019-03-05 12:12:39","1","20","<cross-validation><training>","1",""
"58931","1","Question","2019-09-09 21:53:42","0","181","<tfidf>","1",""
"58932","1","Question","2019-09-09 22:13:04","1","2867","<keras><cnn><loss-function>","3",""
"58934","1","Question","2019-09-09 23:03:44","1","1037","<r><correlation>","1",""
"58936","1","Question","2019-09-09 23:07:51","1","36","<linear-regression>","0",""
"58938","1","Question","2019-09-10 01:10:29","1","35","<powerbi>","1",""
"58944","1","Question","2019-09-10 04:51:39","3","2762","<deep-learning><pytorch><autoencoder>","2",""
"58945","1","Question","2019-09-10 05:26:28","1","38","<deep-learning><regression>","1",""
"58946","1","Question","2019-09-10 05:50:45","1","27","<machine-learning><nlp><svm>","0",""
"58947","1","Question","2019-09-10 06:21:00","0","440","<pandas>","1",""
"58948","1","Question","2019-09-10 06:30:59","1","45","<machine-learning><tensorflow><r><logistic-regression>","1",""
"58950","1","Question","2019-09-10 07:26:11","1","29","<multilabel-classification><information-theory>","1","0"
"58958","1","Question","2019-09-10 08:57:18","0","43","<machine-learning><image-recognition>","1",""
"58960","1","Question","2019-09-10 08:59:03","0","342","<python><clustering><pandas><dbscan><pickle>","2",""
"58961","1","Question","2019-09-10 09:13:11","2","2297","<machine-learning><python><scikit-learn><accuracy>","1",""
"58965","1","Question","2019-09-10 11:03:19","1","333","<classification><scikit-learn><xgboost><boosting><lightgbm>","0",""
"58966","1","Question","2019-09-10 11:13:40","3","1336","<classification><svm><binary>","2","1"
"58967","1","Question","2019-09-10 11:43:52","1","21","<python><matlab><octave>","0",""
"58969","1","Question","2019-09-10 11:51:29","1","91","<probability><bayesian>","0",""
"58980","1","Question","2019-09-10 15:13:10","1","14","<feature-scaling>","0",""
"58981","1","Question","2019-09-10 15:14:46","2","5049","<python><keras><convolutional-neural-network>","4","1"
"58984","1","Question","2019-09-10 16:23:33","1","90","<classification><churn>","1",""
"58988","1","Question","2019-09-10 17:03:16","1","116","<machine-learning><svm>","0",""
"59001","1","Question","2019-09-10 20:41:41","2","151","<machine-learning><keras><tensorflow>","2",""
"59004","1","Question","2019-09-10 21:00:38","1","34","<machine-learning><logistic-regression><training><hyperparameter>","1",""
"59007","1","Question","2019-09-10 21:26:44","1","3667","<machine-learning><neural-network><keras><regression>","2","1"
"60010","1","Question","2019-09-11 04:34:27","0","108","<random-forest><xgboost><feature-engineering><feature-extraction>","1","1"
"60011","1","Question","2019-09-11 04:45:45","1","27","<data><orange><orange3>","0",""
"60017","1","Question","2019-09-11 07:00:42","1","1388","<python><keras><time-series><lstm><sequence>","1",""
"60018","1","Question","2019-09-11 07:23:05","1","76","<pandas><dataframe><matplotlib><reshape>","1",""
"60019","1","Question","2019-09-11 07:45:09","1","1870","<python>","4",""
"60020","1","Question","2019-09-11 07:58:43","0","263","<machine-learning><deep-learning><predictive-modeling><statistics>","2",""
"60029","1","Question","2019-09-11 10:44:18","-1","538","<machine-learning><neural-network><deep-learning><statistics><computer-vision>","3",""
"60030","1","Question","2019-09-11 10:58:38","0","36","<python><data-cleaning>","1",""
"60035","1","Question","2019-09-11 11:27:13","1","10103","<python><keras><tensorflow><neural>","1","1"
"60037","1","Question","2019-09-11 11:51:52","3","51","<deep-learning><classification><keras><convolutional-neural-network>","0",""
"60039","1","Question","2019-09-11 12:16:40","0","53","<python><feature-selection><correlation>","1","1"
"46704","1","Question","2019-03-05 13:31:46","1","146","<nlp><lstm>","1",""
"46705","1","Question","2019-03-05 13:58:54","2","2729","<machine-learning><python><feature-extraction>","1","1"
"46709","1","Question","2019-03-05 16:10:02","4","390","<scikit-learn><data><class-imbalance><gbm>","3","1"
"46714","1","Question","2019-03-05 18:25:02","1","78","<nlp><word-embeddings>","0",""
"46719","1","Question","2019-03-05 19:35:47","1","12114","<python><pandas><excel>","0",""
"46721","1","Question","2019-03-05 19:55:37","2","1877","<machine-learning><regression>","1","3"
"46723","1","Question","2019-03-05 20:42:17","1","52","<machine-learning><neural-style-transfer>","2",""
"46724","1","Question","2019-03-05 20:59:55","2","78","<python><visualization><data>","0",""
"46727","1","Question","2019-03-05 21:43:54","4","571","<similarity>","2",""
"46740","1","Question","2019-03-06 02:25:39","1","198","<machine-learning><scikit-learn><regression><machine-learning-model><ridge-regression>","1",""
"46742","1","Question","2019-03-06 02:45:39","2","228","<image-classification><image-recognition><image>","3",""
"46743","1","Question","2019-03-06 02:55:59","0","649","<clustering><logistic-regression><k-means>","1",""
"46744","1","Question","2019-03-06 03:30:10","7","2480","<statistics><descriptive-statistics>","5","3"
"46748","1","Question","2019-03-06 04:31:20","1","8385","<machine-learning><logistic-regression><machine-learning-model>","1",""
"46753","1","Question","2019-03-06 05:43:48","0","48","<machine-learning><data-mining><graphs>","1",""
"46760","1","Question","2019-03-06 08:04:13","4","101","<machine-learning><machine-learning-model><model-selection>","2",""
"46762","1","Question","2019-03-06 08:21:47","0","135","<machine-learning><regression><azure-ml>","1",""
"46763","1","Question","2019-03-06 08:39:19","3","2405","<python><preprocessing>","1",""
"46765","1","Question","2019-03-06 08:49:11","1","48","<time-series><rnn>","1",""
"46768","1","Question","2019-03-06 09:38:52","1","30","<machine-learning><reinforcement-learning>","0","1"
"46771","1","Question","2019-03-06 10:06:45","0","58","<python><nlp><preprocessing><encoding><classifier>","1",""
"46772","1","Question","2019-03-06 10:13:31","2","151","<dataset><random-forest><svm>","1","1"
"46775","1","Question","2019-03-06 10:56:46","1","125","<machine-learning><machine-learning-model>","1","1"
"46776","1","Question","2019-03-06 11:03:01","0","350","<machine-learning><python><pca><dimensionality-reduction>","1",""
"46779","1","Question","2019-03-06 11:16:47","6","12590","<python><neural-network><keras><image-classification>","1","1"
"46780","1","Question","2019-03-06 11:43:50","2","1506","<classification><categorical-data><word-embeddings><aggregation><data-stream-mining>","1","2"
"46782","1","Question","2019-03-06 11:53:56","0","918","<python><pandas><matplotlib>","1",""
"46791","1","Question","2019-03-06 14:46:39","0","80","<clustering>","1",""
"60044","1","Question","2019-09-11 13:08:53","0","270","<machine-learning><linear-regression>","1",""
"60047","1","Question","2019-09-11 14:32:46","1","41","<python><pandas>","1",""
"60048","1","Question","2019-09-11 14:44:14","0","43","<time-series><predictive-modeling>","2",""
"60051","1","Question","2019-09-11 15:31:05","3","50","<education>","1",""
"60052","1","Question","2019-09-11 16:13:03","3","165","<pandas><correlation><mnist>","2",""
"60056","1","Question","2019-09-11 16:42:32","2","22","<machine-learning><data-science-model><nlp>","0","1"
"60067","1","Question","2019-09-11 19:36:52","-3","64","<python><pandas>","1",""
"60071","1","Question","2019-09-11 20:21:04","0","505","<keras>","1",""
"60083","1","Question","2019-09-11 23:35:23","1","34","<feature-extraction><categorical-data>","0",""
"60092","1","Question","2019-09-12 03:09:51","1","56","<machine-learning><neural-network><classification><keras>","1",""
"60093","1","Question","2019-09-12 03:18:18","1","246","<neural-network><bigdata><pca><dimensionality-reduction>","1","1"
"60095","1","Question","2019-09-12 04:58:59","1","54","<dataset><bigdata>","2","2"
"60097","1","Question","2019-09-12 05:45:43","0","36","<python><pandas>","2",""
"60104","1","Question","2019-09-12 07:49:29","-1","130","<machine-learning><keras><tensorflow><computer-vision>","1",""
"60107","1","Question","2019-09-12 09:49:15","4","1231","<python><scikit-learn><hyperparameter-tuning><grid-search><pipelines>","1","4"
"60108","1","Question","2019-09-12 10:03:44","1","39","<svm>","1","0"
"60112","1","Question","2019-09-12 11:05:10","1","195","<categorical-data><missing-data><encoding>","1","1"
"60113","1","Question","2019-09-12 11:13:22","0","730","<python><pandas><data-cleaning><dataframe>","3",""
"60119","1","Question","2019-09-12 13:30:23","3","116","<python><scikit-learn><pandas><numpy>","1",""
"60122","1","Question","2019-09-12 15:15:27","1","355","<python><deep-learning><keras><class-imbalance><hyperparameter-tuning>","0",""
"60124","1","Question","2019-09-12 16:00:22","1","11","<algorithms>","0",""
"60126","1","Question","2019-09-12 17:34:38","1","1747","<python><keras><reshape>","2",""
"60127","1","Question","2019-09-12 17:51:00","1","951","<tensorflow>","0",""
"60128","1","Question","2019-09-12 17:51:29","1","9","<image-classification><computer-vision><image-recognition>","0",""
"60129","1","Question","2019-09-12 18:10:24","1","27","<machine-learning><recommender-system><transfer-learning>","0",""
"60130","1","Question","2019-09-12 19:16:28","1","27","<machine-learning><python>","0",""
"60133","1","Question","2019-09-12 22:53:42","1","270","<python><classification><bigdata><multilabel-classification><jupyter>","0",""
"60139","1","Question","2019-09-13 04:07:16","4","359","<python><keras><tensorflow><image-classification>","2","1"
"60146","1","Question","2019-09-13 09:28:35","1","404","<outlier>","3",""
"60157","1","Question","2019-09-13 11:42:24","1","19","<python><deep-learning><pytorch>","0",""
"60164","1","Question","2019-09-13 15:17:47","0","39","<r>","0","0"
"60169","1","Question","2019-09-13 18:34:31","1","95","<machine-learning><python><keras><cnn><image-classification>","1","1"
"60170","1","Question","2019-09-13 19:02:24","2","77","<machine-learning><neural-network><keras><regression>","1","1"
"60174","1","Question","2019-09-13 22:46:40","1","50","<pandas>","1",""
"60178","1","Question","2019-09-14 00:29:17","1","260","<r>","1","1"
"60179","1","Question","2019-09-14 02:24:03","0","169","<machine-learning><image-preprocessing>","0",""
"46795","1","Question","2019-03-06 15:32:17","1","45","<clustering><similarity><nlp>","0","1"
"46796","1","Question","2019-03-06 15:34:16","-2","1986","<neural-network><keras><scikit-learn><regression><cross-validation>","1",""
"46798","1","Question","2019-03-06 16:48:17","1","108","<neural-network><java><mini-batch-gradient-descent>","1",""
"46802","1","Question","2019-03-06 17:25:42","0","51","<machine-learning><python><multiclass-classification><accuracy>","1",""
"46804","1","Question","2019-03-06 17:31:05","0","389","<pandas><numpy>","1",""
"46806","1","Question","2019-03-06 17:44:57","2","67","<keras>","1",""
"46807","1","Question","2019-03-06 17:50:59","2","193","<time-series><xgboost><cross-validation><training><generalization>","1","1"
"46808","1","Question","2019-03-06 18:00:59","0","106","<machine-learning><classification><data-mining>","1",""
"46809","1","Question","2019-03-06 18:09:43","1","375","<visualization><data><heatmap>","1",""
"46813","1","Question","2019-03-06 19:31:41","0","351","<machine-learning><linear-regression><machine-learning-model><loss-function>","2",""
"46816","1","Question","2019-03-06 20:11:19","0","95","<neural-network><convolution>","1","1"
"46818","1","Question","2019-03-06 20:22:49","1","146","<text><mlp><features>","2",""
"46819","1","Question","2019-03-06 21:52:36","1","530","<keras><mlp>","1",""
"46825","1","Question","2019-03-07 00:45:07","0","82","<classification><sequence>","1",""
"46826","1","Question","2019-03-07 03:09:40","0","197","<optimization><genetic-algorithms><evolutionary-algorithms>","1",""
"46830","1","Question","2019-03-07 05:07:47","0","26","<regression><grid-search>","1",""
"46831","1","Question","2019-03-07 05:26:08","12","3734","<machine-learning><classification>","4","4"
"46834","1","Question","2019-03-07 06:00:58","0","916","<machine-learning><nlp><word2vec><word-embeddings>","1",""
"46840","1","Question","2019-03-07 08:02:54","2","695","<decision-trees><preprocessing>","1",""
"46843","1","Question","2019-03-07 09:00:38","1","96","<machine-learning><rnn><chatbot>","2","1"
"46845","1","Question","2019-03-07 09:12:18","0","890","<machine-learning><regression><predictive-modeling><linear-regression><beginner>","2",""
"46846","1","Question","2019-03-07 09:26:19","1","139","<evaluation><ranking><metric>","0",""
"46850","1","Question","2019-03-07 09:49:35","3","2138","<machine-learning><data-science-model>","2",""
"46851","1","Question","2019-03-07 09:51:35","2","39","<collinearity>","2",""
"46855","1","Question","2019-03-07 11:00:53","0","45","<machine-learning><python><classification><scikit-learn><logistic-regression>","1",""
"46858","1","Question","2019-03-07 12:53:12","0","2401","<cnn>","4",""
"46861","1","Question","2019-03-07 13:34:10","1","136","<neural-network><keras><tensorflow><cnn><optimization>","1",""
"46869","1","Question","2019-03-07 15:39:42","1","32","<batch-normalization>","0",""
"46873","1","Question","2019-03-07 16:06:12","1","76","<machine-learning><r><preprocessing><categorical-data><dummy-variables>","0",""
"46874","1","Question","2019-03-07 16:08:55","0","2234","<python><pandas><sql>","1",""
"46876","1","Question","2019-03-07 17:34:12","1","32","<python><nlp>","0",""
"60180","1","Question","2019-09-14 08:32:57","1","30","<python><data-cleaning>","1",""
"60183","1","Question","2019-09-14 09:52:33","-1","42","<neural-network><keras>","1",""
"60190","1","Question","2019-09-14 12:25:34","3","68","<machine-learning><r><feature-selection>","0","0"
"60192","1","Question","2019-09-14 13:21:56","1","415","<machine-learning><normalization><data-analysis>","4",""
"60194","1","Question","2019-09-14 14:32:17","1","82","<classification><feature-selection><multiclass-classification><multilabel-classification>","2","1"
"60201","1","Question","2019-09-14 18:00:57","1","46","<machine-learning><optimization><data-science-model><expectation-maximization><gmm>","1",""
"60202","1","Question","2019-09-14 18:14:22","1","64","<reinforcement-learning>","0",""
"60204","1","Question","2019-09-14 20:20:36","3","60","<clustering><unsupervised-learning><image-preprocessing><noise>","0",""
"60205","1","Question","2019-09-14 23:28:38","1","143","<machine-learning><regularization><mnist>","0",""
"60207","1","Question","2019-09-15 00:15:02","3","143","<machine-learning><neural-network><keras><optimization>","3",""
"60208","1","Question","2019-09-15 00:32:09","1","313","<python><classification><xgboost>","1",""
"60213","1","Question","2019-09-15 06:30:08","-1","28","<deep-learning><image-classification><gpu><consumerweb>","1",""
"60214","1","Question","2019-09-15 07:58:29","0","323","<python><keras><cnn>","3",""
"60219","1","Question","2019-09-15 10:10:02","1","19","<clustering><dimensionality-reduction>","0",""
"60220","1","Question","2019-09-15 10:24:06","1","555","<python><feature-selection><anaconda>","1",""
"60222","1","Question","2019-09-15 10:41:32","3","699","<machine-learning><python><nlp><word-embeddings><spacy>","1",""
"60225","1","Question","2019-09-15 12:18:02","2","66","<machine-learning><nlp><lstm><word-embeddings>","0",""
"60226","1","Question","2019-09-15 12:19:03","5","68","<time-series><data-mining><correlation><anomaly-detection><forecasting>","2","2"
"60228","1","Question","2019-09-15 12:25:20","1","40","<machine-learning><python><classification><scikit-learn><multilabel-classification>","0",""
"60229","1","Question","2019-09-15 13:44:42","3","131","<machine-learning><nlp><google><automl>","1","1"
"60230","1","Question","2019-09-15 14:40:27","1","22","<machine-learning><python><scikit-learn><hyperparameter-tuning><grid-search>","0",""
"60233","1","Question","2019-09-15 15:18:58","1","250","<machine-learning><python><named-entity-recognition>","0",""
"60236","1","Question","2019-09-15 15:40:37","2","12","<machine-learning><neural-network><r><statistics><rstudio>","0",""
"60237","1","Question","2019-09-15 15:43:13","1","54","<data-mining><visualization><graphs><graphical-model>","0",""
"60238","1","Question","2019-09-15 15:54:31","1","18","<nlp><data-mining><text-mining>","1",""
"60242","1","Question","2019-09-15 18:07:35","6","252","<neural-network><deep-learning><cnn>","1",""
"60243","1","Question","2019-09-15 18:51:46","1","25","<cnn><image-classification><image-recognition><sentiment-analysis>","0",""
"60250","1","Question","2019-09-16 01:20:59","4","349","<visualization><linux>","2",""
"60251","1","Question","2019-09-16 01:42:20","1","49","<machine-learning><svm><mathematics>","1",""
"60256","1","Question","2019-09-16 05:42:00","1","52","<bigdata><pyspark>","0",""
"60257","1","Question","2019-09-16 06:06:11","1","30","<keras><tensorflow><pytorch><object-detection>","0","1"
"60258","1","Question","2019-09-16 06:52:32","0","187","<deep-learning><nlp><machine-translation><transformer>","1",""
"60260","1","Question","2019-09-16 08:43:53","1","332","<linear-regression><loss-function>","1","0"
"60261","1","Question","2019-09-16 08:50:27","4","3783","<nlp><lstm><nlg>","2","2"
"60262","1","Question","2019-09-16 08:56:51","1","154","<data-science-model>","1",""
"60264","1","Question","2019-09-16 09:03:19","2","565","<feature-extraction>","1",""
"60266","1","Question","2019-09-16 09:28:08","2","51","<nlp>","2",""
"60267","1","Question","2019-09-16 09:38:42","1","177","<machine-learning><python><data><preprocessing><pyspark>","1","1"
"46879","1","Question","2019-03-07 17:56:57","1","96","<machine-learning><r><clustering><correlation><distribution>","1","1"
"46881","1","Question","2019-03-07 18:30:05","3","443","<machine-learning><python><scikit-learn><pca>","2","1"
"46882","1","Question","2019-03-07 18:52:57","3","1197","<python><pandas>","1",""
"46885","1","Question","2019-03-06 22:13:34","1","2940","<python><keras>","1",""
"46886","1","Question","2019-03-07 04:52:56","1","366","<tensorflow><keras>","1",""
"46888","1","Question","2019-03-07 20:50:28","0","47","<random-forest><cross-validation>","1",""
"46891","1","Question","2019-03-07 22:38:47","1","73","<classification><nlp>","1",""
"46892","1","Question","2019-03-07 23:14:43","1","354","<machine-learning><decision-trees><xgboost><gbm><lightgbm>","0","0"
"46897","1","Question","2019-03-08 01:12:44","0","92","<machine-learning><deep-learning><reinforcement-learning><convolution><convolutional-neural-network>","1",""
"46899","1","Question","2019-03-08 01:51:05","1","682","<machine-learning><python><dataset>","1",""
"46900","1","Question","2019-03-08 02:14:38","3","96","<classification><image-classification><svm><hyperparameter>","2","1"
"46901","1","Question","2019-03-08 03:24:11","0","4450","<machine-learning><keras><tensorflow><machine-learning-model><numpy>","1",""
"46905","1","Question","2019-03-08 05:49:52","1","476","<python><scikit-learn><regression>","0",""
"46907","1","Question","2019-03-08 06:12:34","4","1630","<machine-learning><python><cnn><opencv>","1","2"
"46909","1","Question","2019-03-08 06:14:28","0","876","<python><pandas><dataframe>","1",""
"46912","1","Question","2019-03-08 06:52:16","0","435","<apache-spark><scala>","2",""
"46913","1","Question","2019-03-08 07:30:30","3","523","<machine-learning><python><deep-learning><lstm><rnn>","1",""
"46918","1","Question","2019-03-08 09:34:48","2","232","<machine-learning><neural-network><deep-learning><reinforcement-learning>","2",""
"46921","1","Question","2019-03-08 10:03:39","1","124","<deep-learning><keras><image-classification>","1",""
"46924","1","Question","2019-03-08 11:40:51","1","125","<neural-network><deep-learning><hyperparameter-tuning><epochs>","1",""
"46926","1","Question","2019-03-08 12:14:30","2","129","<python><audio-recognition>","2",""
"46927","1","Question","2019-03-08 12:30:04","0","181","<neural-network><javascript>","1",""
"46938","1","Question","2019-03-08 15:06:12","2","48","<python><scikit-learn><regression><linear-regression><model-selection>","1",""
"46939","1","Question","2019-03-08 15:16:06","0","5363","<pandas><data-cleaning><dataframe>","2",""
"46941","1","Question","2019-03-08 15:25:44","1","4769","<lstm><loss-function>","1",""
"46943","1","Question","2019-03-08 15:47:15","2","3542","<python><deep-learning><keras><scikit-learn><tensorflow>","1","2"
"46946","1","Question","2019-03-08 16:14:04","0","33","<machine-learning>","1",""
"46950","1","Question","2019-03-08 16:34:00","2","418","<clustering><similarity><graphs><distance>","3",""
"46951","1","Question","2019-03-08 17:15:33","2","33","<machine-learning><deep-learning><data-mining><predictive-modeling>","1","1"
"46952","1","Question","2019-03-08 17:40:26","1","2841","<python><keras><tensorflow><gpu>","1","1"
"46956","1","Question","2019-03-08 18:38:45","1","231","<python><xgboost>","1",""
"46959","1","Question","2019-03-08 19:05:43","1","36","<machine-learning>","1",""
"46965","1","Question","2019-03-08 21:55:55","3","45","<data><programming>","1",""
"46972","1","Question","2019-03-09 02:27:35","1","119","<machine-learning><image-recognition><faster-rcnn>","0",""
"46977","1","Question","2019-03-09 07:13:56","4","71","<machine-learning><linear-regression>","2","0"
"60268","1","Question","2019-09-16 10:26:18","2","9386","<python><pandas><json>","1","1"
"60272","1","Question","2019-09-16 11:55:52","1","58","<python><time-series><lstm><forecasting>","0",""
"60273","1","Question","2019-09-16 12:08:38","1","15","<machine-learning><time-series>","2",""
"60279","1","Question","2019-09-16 14:16:42","1","452","<neural-network><reinforcement-learning><cost-function><policy-gradients>","1",""
"60281","1","Question","2019-09-16 14:40:06","1","387","<machine-learning><tfidf><hashingvectorizer><naive-bayes-algorithim>","3",""
"60283","1","Question","2019-09-16 16:09:32","1","21","<machine-learning>","0",""
"60284","1","Question","2019-09-16 16:17:24","0","833","<tensorflow>","1",""
"60287","1","Question","2019-09-16 17:45:47","1","528","<classification><preprocessing><probability><model-selection><feature-scaling>","1","0"
"60290","1","Question","2019-09-16 19:44:02","2","406","<classification><nlp><word-embeddings><sentiment-analysis>","2",""
"60295","1","Question","2019-09-17 00:58:43","1","13","<deep-learning><cloud-computing>","0",""
"60296","1","Question","2019-09-17 01:38:20","1","99","<neural-network>","2",""
"60298","1","Question","2019-09-17 05:56:47","2","1547","<machine-learning><neural-network><classification><regression><linear-regression>","2","0"
"60302","1","Question","2019-09-17 07:55:29","1","371","<tensorflow><gan><generative-models>","1",""
"60303","1","Question","2019-09-17 08:36:45","1","98","<reinforcement-learning><q-learning><dqn><monte-carlo><discounted-reward>","1",""
"60305","1","Question","2019-09-17 08:40:44","1","26","<metric><reference-request><books>","1",""
"60306","1","Question","2019-09-17 09:18:20","1","518","<machine-learning><r><time-series><data-mining><logistic-regression>","3",""
"60309","1","Question","2019-09-17 09:53:02","1","47","<python><regression><lstm>","1",""
"60313","1","Question","2019-09-17 10:58:45","0","58","<deep-learning><keras><r><lstm><rstudio>","1",""
"60315","1","Question","2019-09-17 11:02:26","1","57","<machine-learning>","1",""
"60317","1","Question","2019-09-17 11:34:19","1","31","<machine-learning><classification><scikit-learn>","1","1"
"60318","1","Question","2019-09-17 11:42:31","2","148","<classification><random-forest><machine-learning-model><supervised-learning>","2",""
"60323","1","Question","2019-09-17 13:01:32","0","537","<scikit-learn><multiclass-classification><accuracy>","1",""
"60325","1","Question","2019-09-17 14:15:54","1","412","<tensorflow><decision-trees><pytorch><numpy><parallel>","0",""
"60326","1","Question","2019-09-17 14:20:25","0","75","<machine-learning><neural-network>","1",""
"60330","1","Question","2019-09-17 15:21:09","1","79","<anomaly-detection><dbscan><data-leakage>","2",""
"60336","1","Question","2019-09-17 16:26:05","0","27","<logistic-regression>","1",""
"60340","1","Question","2019-09-17 17:18:30","0","29","<visualization>","1","1"
"60342","1","Question","2019-09-17 17:41:08","3","123","<python><pandas><numpy>","1",""
"60344","1","Question","2019-09-17 17:53:33","3","1179","<classification><multiclass-classification><confusion-matrix>","2",""
"60347","1","Question","2019-09-17 18:41:01","1","24","<audio-recognition>","1",""
"60350","1","Question","2019-09-17 21:48:38","1","375","<python><neural-network><deep-learning><gradient-descent><numpy>","2",""
"46985","1","Question","2019-03-09 12:04:36","0","72","<cnn><image-classification><cross-validation>","1",""
"46989","1","Question","2019-03-09 13:04:10","0","62","<machine-learning><feature-extraction><data-science-model>","1",""
"46996","1","Question","2019-03-09 16:24:31","1","215","<machine-learning><python><recommender-system><pyspark>","1","1"
"46999","1","Question","2019-03-09 17:42:02","0","50","<data><optimization><market-basket-analysis>","1","0"
"47000","1","Question","2019-03-09 18:15:06","1","371","<neural-network><deep-learning><keras><time-series><multitask-learning>","1","1"
"47004","1","Question","2019-03-09 20:26:13","3","40","<similarity><missing-data><clustering>","1","1"
"47008","1","Question","2019-03-09 21:31:54","3","431","<time-series><lstm><bias><data-leakage>","1",""
"47014","1","Question","2019-03-09 23:27:28","1","528","<python><predictive-modeling><prediction><data-science-model>","3","2"
"47017","1","Question","2019-03-10 05:36:18","2","208","<neural-network><lstm><rnn>","2",""
"47022","1","Question","2019-03-10 06:25:31","1","76","<machine-learning><classification><machine-learning-model><multilabel-classification><class-imbalance>","1",""
"47023","1","Question","2019-03-10 06:37:16","8","29577","<python><pandas><dataframe>","2","1"
"47026","1","Question","2019-03-10 07:17:51","1","622","<classification><feature-engineering><multiclass-classification>","1",""
"47027","1","Question","2019-03-10 08:22:30","7","4686","<machine-learning><python><naive-bayes-classifier>","1","2"
"47035","1","Question","2019-03-10 12:00:13","3","358","<keras><loss-function><pytorch>","1","1"
"47036","1","Question","2019-03-10 12:33:44","0","1706","<python><dataframe><matplotlib><seaborn>","1",""
"47038","1","Question","2019-03-10 14:43:04","0","7304","<r>","1",""
"47039","1","Question","2019-03-10 15:35:41","0","47","<machine-learning><classification><prediction>","1","1"
"60351","1","Question","2019-09-17 22:08:01","1","250","<machine-learning><dataset><feature-extraction><pca><dimensionality-reduction>","1",""
"60352","1","Question","2019-09-17 22:17:09","1","3846","<machine-learning><dataset><linear-regression><gradient-descent><normal-equation>","2",""
"60353","1","Question","2019-09-17 22:17:20","1","112","<machine-learning><classification>","1",""
"60355","1","Question","2019-09-17 22:55:11","2","147","<python><r><data-cleaning><excel><data-wrangling>","0","1"
"60358","1","Question","2019-09-18 01:07:25","1","61","<pytorch>","0",""
"60359","1","Question","2019-09-18 01:32:26","0","56","<machine-learning><classification><dataset>","3",""
"60360","1","Question","2019-09-18 01:44:15","1","22","<r>","0",""
"60363","1","Question","2019-09-18 05:09:46","1","204","<python><time-series>","3",""
"60366","1","Question","2019-09-18 06:43:33","2","367","<python><scikit-learn><nlp><tfidf>","1",""
"60368","1","Question","2019-09-18 06:51:02","0","291","<machine-learning><predictive-modeling><named-entity-recognition><spacy>","1",""
"60369","1","Question","2019-09-18 07:09:36","0","52","<nlp><information-retrieval><question-answering>","1",""
"60370","1","Question","2019-09-18 08:34:54","1","688","<neural-network><deep-learning><nlp>","2",""
"60376","1","Question","2019-09-18 09:59:40","2","208","<machine-learning><python><linear-regression><gradient-descent><implementation>","1","1"
"60378","1","Question","2019-09-18 10:44:11","2","164","<data><labels>","1","1"
"60379","1","Question","2019-09-18 10:47:25","2","482","<machine-learning><deep-learning><keras><tensorflow><ai>","0","1"
"60380","1","Question","2019-09-18 10:51:31","1","539","<nlp>","0","1"
"60383","1","Question","2019-09-18 11:40:19","2","198","<clustering><preprocessing><categorical-data><feature-scaling><feature-construction>","2","1"
"60384","1","Question","2019-09-18 12:04:41","1","72","<machine-learning><neural-network><nlp><sentiment-analysis>","0",""
"60394","1","Question","2019-09-18 14:13:58","4","100","<feature-selection><feature-engineering><feature-extraction>","2","2"
"60396","1","Question","2019-09-18 14:38:14","6","497","<machine-learning><neural-network><keras><recommender-system>","1","3"
"60399","1","Question","2019-09-18 16:03:51","1","1110","<deep-learning><keras><tensorflow>","1",""
"60401","1","Question","2019-09-18 16:28:11","1","27","<keras><convolution><autoencoder>","1",""
"60402","1","Question","2019-09-18 16:32:43","0","67","<bigdata><visualization>","2",""
"60404","1","Question","2019-09-18 17:19:01","0","348","<scikit-learn><regression><loss-function>","1",""
"60412","1","Question","2019-09-18 20:35:22","1","292","<scikit-learn><svm>","1","0"
"60413","1","Question","2019-09-18 21:22:13","1","82","<python>","3",""
"60414","1","Question","2019-09-17 09:15:31","3","49","<machine-learning><weka>","2",""
"60418","1","Question","2019-09-18 21:52:06","2","278","<feature-selection>","2",""
"60419","1","Question","2019-09-18 21:53:03","1","26","<correlation><classifier><estimators>","2",""
"60423","1","Question","2019-09-18 22:50:52","4","1326","<scikit-learn><decision-trees>","2",""
"60429","1","Question","2019-09-19 01:08:39","2","335","<statistics><distribution>","0",""
"60432","1","Question","2019-09-19 03:25:26","0","26","<machine-learning><linear-regression><matrix>","0",""
"60433","1","Question","2019-09-19 05:38:13","2","202","<machine-learning><predictive-modeling><feature-engineering>","2","0"
"60434","1","Question","2019-09-19 06:38:00","1","2490","<tensorflow>","0",""
"60437","1","Question","2019-09-19 08:04:11","1","125","<scikit-learn><preprocessing><pickle>","1",""
"60439","1","Question","2019-09-19 08:34:33","1","175","<reinforcement-learning><q-learning><dqn><policy-gradients><dynamic-programming>","0",""
"47043","1","Question","2019-03-10 16:44:21","0","36","<r><feature-selection><lda>","1",""
"47046","1","Question","2019-03-10 18:33:21","1","1087","<decision-trees><graphs><grid-search><gridsearchcv>","2",""
"47048","1","Question","2019-03-10 19:32:05","7","762","<python><scikit-learn><outlier><hyperparameter-tuning><k-nn>","1",""
"47051","1","Question","2019-03-10 22:55:04","3","671","<machine-learning><reinforcement-learning><feature-engineering>","1",""
"47056","1","Question","2019-03-11 03:02:54","0","72","<classification><clustering><k-means><pca><hierarchical-data-format>","0",""
"47057","1","Question","2019-03-11 03:47:19","1","42","<nlp>","0",""
"47058","1","Question","2019-03-11 03:55:38","5","378","<image-classification><image-recognition><image-preprocessing>","1",""
"47061","1","Question","2019-03-11 06:09:46","8","1176","<python><neural-network><autoencoder>","2","5"
"47064","1","Question","2019-03-11 07:39:36","-1","274","<neural-network><deep-learning><nlp><gan><text-generation>","1",""
"47069","1","Question","2019-03-11 10:04:13","1","29","<machine-learning><predictive-modeling><prediction><azure-ml>","1",""
"47071","1","Question","2019-03-11 10:24:31","1","191","<keras><nlp>","0",""
"47072","1","Question","2019-03-11 10:35:56","1","366","<classification><gradient-descent>","1",""
"47073","1","Question","2019-03-11 10:38:44","2","6854","<deep-learning><gpu>","3",""
"47077","1","Question","2019-03-11 10:53:34","1","228","<python><predictive-modeling><statistics><model-selection>","0",""
"47080","1","Question","2019-03-11 11:31:27","1","58","<nlp><word2vec><word-embeddings><nltk>","2",""
"47086","1","Question","2019-03-11 13:06:11","0","1502","<deep-learning><preprocessing><autoencoder><feature-scaling><noise>","1",""
"47087","1","Question","2019-03-11 13:11:54","2","1245","<classification><xgboost><multiclass-classification><multilabel-classification>","1","1"
"47088","1","Question","2019-03-11 13:44:31","1","37","<time-series><statistics><algorithms>","0","0"
"47089","1","Question","2019-03-11 13:59:41","2","71","<machine-learning><apache-spark><evaluation><pyspark>","0",""
"47094","1","Question","2019-03-11 14:49:33","0","207","<keras><nlp>","2","1"
"47097","1","Question","2019-03-11 15:51:12","1","1347","<algorithms><dimensionality-reduction>","1",""
"47098","1","Question","2019-03-11 15:56:31","1","77","<probability><model-selection><geospatial>","1","1"
"47100","1","Question","2019-03-11 16:41:11","0","59","<tensorflow><anaconda><pip>","1",""
"47108","1","Question","2019-03-11 19:27:18","1","468","<neural-network><classification><regression><training><rnn>","1",""
"47110","1","Question","2019-03-11 20:18:04","2","54","<classification><cnn><image-classification>","1",""
"47126","1","Question","2019-03-12 01:24:02","1","803","<python><aws><anaconda><sagemaker>","1",""
"47128","1","Question","2019-03-12 02:38:01","6","1174","<machine-learning><recommender-system>","2",""
"60442","1","Question","2019-09-19 09:29:48","1","208","<neural-network><deep-learning><keras><tensorflow>","1",""
"60448","1","Question","2019-09-19 11:29:09","0","53","<python><class-imbalance>","1",""
"60450","1","Question","2019-09-19 12:33:50","1","48","<scikit-learn><feature-selection>","1",""
"60454","1","Question","2019-09-19 14:32:43","1","41","<rstudio>","0",""
"60456","1","Question","2019-09-19 15:12:05","1","67","<classification><regression><data-science-model><correlation><experiments>","1","1"
"60461","1","Question","2019-09-19 16:15:33","1","105","<reinforcement-learning><cost-function><policy-gradients>","1",""
"60466","1","Question","2019-09-19 18:11:57","1","60","<machine-learning><predictive-modeling><xgboost><explainable-ai>","1",""
"60468","1","Question","2019-09-19 20:04:05","6","3389","<word-embeddings><similarity><similar-documents>","2","1"
"60470","1","Question","2019-09-19 22:26:29","0","26","<machine-learning><supervised-learning>","1",""
"60472","1","Question","2019-09-20 00:49:40","2","23","<scikit-learn><feature-selection>","1",""
"60475","1","Question","2019-09-20 06:13:46","0","73","<machine-learning><neural-network><deep-learning><cnn>","2",""
"60477","1","Question","2019-09-20 07:08:14","1","89","<machine-learning><linear-regression><pickle>","1",""
"60481","1","Question","2019-09-20 07:48:39","0","6563","<machine-learning><pickle>","1",""
"60483","1","Question","2019-09-20 08:44:20","1","462","<machine-learning><feature-selection><training><pca>","3",""
"60484","1","Question","2019-09-20 08:46:48","1","1108","<machine-learning><linear-regression><score>","1",""
"60487","1","Question","2019-09-20 09:35:15","1","93","<python><keras><tensorflow>","3",""
"60488","1","Question","2019-09-20 09:42:37","2","105","<image-classification><machine-learning-model><loss-function><metric>","1",""
"60489","1","Question","2019-09-20 09:45:43","0","250","<classification><keras><nlp><lstm><sentiment-analysis>","2",""
"60498","1","Question","2019-09-20 13:08:43","1","64","<time-series><prediction><forecasting><forecast><arima>","1",""
"60500","1","Question","2019-09-20 14:09:35","3","48","<class-imbalance>","2",""
"60506","1","Question","2019-09-20 16:14:32","1","190","<machine-learning><nlp><clustering>","1","2"
"60513","1","Question","2019-09-20 17:35:23","1","29","<orange><orange3>","0",""
"60520","1","Question","2019-09-20 19:20:41","2","235","<machine-learning><scikit-learn><multiclass-classification>","2","1"
"60522","1","Question","2019-09-20 21:05:01","1","32","<machine-learning><image-recognition><image-preprocessing>","1",""
"60527","1","Question","2019-09-20 22:45:12","1","139","<machine-learning><feature-selection><random-forest><svm>","2",""
"60528","1","Question","2019-09-20 23:13:52","2","19","<numpy><matplotlib>","0",""
"60531","1","Question","2019-09-21 00:03:13","2","41","<classification><theory><methodology>","1",""
"60533","1","Question","2019-09-21 00:13:36","1","74","<data>","1",""
"60538","1","Question","2019-09-21 04:28:36","0","57","<classification><regression>","3",""
"60546","1","Question","2019-09-21 11:42:38","2","452","<deep-learning>","0","1"
"60547","1","Question","2019-09-21 12:30:46","0","1952","<python><neural-network><scikit-learn><hyperparameter-tuning>","1",""
"47132","1","Question","2019-03-12 05:25:37","4","324","<python><keras><computer-vision><image-recognition><opencv>","1","1"
"47134","1","Question","2019-03-12 07:36:16","1","130","<neural-network><deep-learning><image-classification>","2",""
"47136","1","Question","2019-03-12 08:58:26","0","57","<python><sequential-pattern-mining>","1",""
"47140","1","Question","2019-03-12 09:33:14","3","2388","<python><pandas><preprocessing><dummy-variables>","1","1"
"47142","1","Question","2019-03-12 10:04:15","13","3529","<machine-learning><neural-network><deep-learning><optimization><gradient-descent>","4","8"
"47143","1","Question","2019-03-12 10:05:08","1","26","<machine-learning><classification><time-series><data><labels>","0",""
"47151","1","Question","2019-03-12 11:42:26","2","41","<machine-learning><regression><sql>","2",""
"47159","1","Question","2019-03-12 13:15:28","1","49","<supervised-learning>","1",""
"47161","1","Question","2019-03-12 14:04:21","0","81","<keras><rnn><autoencoder>","1",""
"47162","1","Question","2019-03-12 14:20:42","1","857","<python><data>","1",""
"47168","1","Question","2019-03-12 15:26:43","2","3017","<machine-learning><classification><decision-trees>","2","1"
"47170","1","Question","2019-03-12 16:15:58","0","39","<time-series><visualization><data-analysis>","1",""
"47175","1","Question","2019-03-12 17:36:53","2","3945","<r><data-cleaning><data-wrangling>","1","1"
"47177","1","Question","2019-03-12 18:21:14","0","584","<scikit-learn><pandas><dataframe>","1",""
"47180","1","Question","2019-03-12 19:04:58","1","62","<machine-learning><clustering>","1",""
"47185","1","Question","2019-03-12 21:51:11","3","981","<python><clustering><k-means><pyspark>","2",""
"47186","1","Question","2019-03-12 22:01:02","0","714","<python><keras><tensorflow><gpu>","2",""
"47187","1","Question","2019-03-12 22:03:11","0","809","<feature-selection><bayesian>","2","2"
"47189","1","Question","2019-03-12 22:26:27","0","425","<scikit-learn><k-means>","1",""
"47201","1","Question","2019-03-13 01:55:37","1","42","<neural-network><reinforcement-learning><rnn><markov-process><actor-critic>","0",""
"47204","1","Question","2019-03-13 03:11:35","2","61","<neural-network><deep-learning>","0",""
"47206","1","Question","2019-03-13 03:44:48","1","177","<pca><normalization>","1",""
"47208","1","Question","2019-03-13 05:10:32","1","229","<python><keras><tensorflow>","0","1"
"47209","1","Question","2019-03-13 06:28:59","0","78","<keras><cnn>","1",""
"47218","1","Question","2019-03-13 09:02:15","2","385","<unsupervised-learning><anomaly-detection>","3","1"
"47221","1","Question","2019-03-13 09:28:53","2","229","<machine-learning><word-embeddings><ranking>","1","1"
"47222","1","Question","2019-03-13 09:58:45","1","411","<clustering><orange><orange3>","1",""
"47223","1","Question","2019-03-13 10:22:39","2","504","<machine-learning><classification><word-embeddings>","2","1"
"47224","1","Question","2019-03-13 10:44:15","1","129","<lstm>","1",""
"47228","1","Question","2019-03-13 11:53:23","1","2366","<bigdata><training><sampling><smote><ai>","1","2"
"47229","1","Question","2019-03-13 11:59:23","1","163","<python>","1",""
"47232","1","Question","2019-03-13 12:44:38","0","82","<predictive-modeling><data-science-model><forecasting>","1",""
"47234","1","Question","2019-03-13 12:50:40","1","31","<python><neural-network><deep-learning><image-recognition>","0",""
"47235","1","Question","2019-03-13 13:10:35","2","39","<deep-learning><tensorflow>","1",""
"47239","1","Question","2019-03-13 14:20:29","1","129","<optimization><gradient-descent>","1","1"
"47240","1","Question","2019-03-13 15:08:02","1","14","<statistics><normalization><metric><image>","0",""
"60549","1","Question","2019-09-21 13:57:54","2","90","<python><classification><scikit-learn><grid-search>","1",""
"60555","1","Question","2019-09-21 17:34:30","3","360","<pandas><matplotlib><seaborn>","2","2"
"60567","1","Question","2019-09-22 00:37:54","2","26","<nlp>","1",""
"60569","1","Question","2019-09-22 00:49:19","3","229","<tensorflow><lstm><training>","2",""
"60571","1","Question","2019-09-22 02:33:04","1","90","<random-forest><xgboost>","0",""
"60572","1","Question","2019-09-22 03:29:31","1","53","<machine-learning><keras><perceptron>","0",""
"60574","1","Question","2019-09-22 07:59:19","0","51","<machine-learning><kernel><mathematics>","1",""
"60576","1","Question","2019-09-22 08:25:00","1","30","<machine-learning><algorithms><unsupervised-learning><data-science-model>","1",""
"60577","1","Question","2019-09-22 08:43:59","1","27","<classification><statistics><bayesian>","0",""
"60583","1","Question","2019-09-22 12:25:15","2","55","<linear-regression><logistic-regression>","1",""
"60588","1","Question","2019-09-22 14:07:53","0","2049","<python><pandas><dataframe>","1",""
"60589","1","Question","2019-09-22 14:16:41","0","340","<feature-engineering><data-science-model>","2",""
"60590","1","Question","2019-09-22 14:34:00","-1","130","<neural-network><keras><tensorflow>","2",""
"60592","1","Question","2019-09-22 16:49:33","1","27","<deep-learning><convolution><convolutional-neural-network><inceptionresnetv2>","2",""
"60593","1","Question","2019-09-22 16:54:28","0","99","<machine-learning><dataset><feature-engineering>","1","3"
"60595","1","Question","2019-09-22 17:58:15","1","949","<neural-network><deep-learning><keras><autoencoder><dimensionality-reduction>","1",""
"60597","1","Question","2019-09-22 18:44:04","1","64","<python><classification><dataset><machine-learning-model>","1",""
"60598","1","Question","2019-09-22 18:46:34","2","93","<clustering><unsupervised-learning><supervised-learning><semi-supervised-learning>","4",""
"60603","1","Question","2019-09-22 20:03:14","2","57","<word-embeddings>","1","2"
"60606","1","Question","2019-09-22 21:26:56","3","431","<machine-learning><reinforcement-learning>","1","1"
"60608","1","Question","2019-09-22 22:43:10","1","31","<unsupervised-learning>","2",""
"60610","1","Question","2019-09-23 01:29:44","2","40","<algorithms><optimization><performance><convergence>","1",""
"60611","1","Question","2019-09-23 01:30:48","1","517","<python><neural-network><scikit-learn>","2","1"
"60613","1","Question","2019-09-23 01:43:51","0","781","<python><deep-learning><classification><loss-function>","1","1"
"60617","1","Question","2019-09-23 03:31:32","3","1631","<machine-learning><terminology>","1","2"
"60620","1","Question","2019-09-23 07:07:05","1","322","<loss-function>","1",""
"60624","1","Question","2019-09-23 08:37:32","1","114","<keras>","2",""
"60629","1","Question","2019-09-23 08:58:16","1","93","<machine-learning><python><predictive-modeling><churn><data-leakage>","1","1"
"60631","1","Question","2019-09-23 09:17:26","1","34","<predictive-modeling><decision-trees>","2","0"
"60637","1","Question","2019-09-23 11:16:48","0","204","<deep-learning><time-series><lstm><normalization><forecasting>","2",""
"60638","1","Question","2019-09-23 11:28:18","1","16","<random-forest><feature-engineering><machine-learning-model><feature-scaling>","0",""
"60640","1","Question","2019-09-23 11:45:52","1","326","<machine-learning><neural-network><cnn><pytorch><accuracy>","0",""
"60642","1","Question","2019-09-23 13:17:33","1","89","<machine-learning><classification><tensorflow><linear-regression><logistic-regression>","1",""
"60647","1","Question","2019-09-23 14:19:19","1","3635","<machine-learning><keras><colab>","1",""
"47242","1","Question","2019-03-13 15:37:47","1","47","<r>","1",""
"47243","1","Question","2019-03-13 15:53:55","1","262","<lstm><cnn><overfitting>","0",""
"47245","1","Question","2019-03-13 16:05:46","2","61","<classification><categorical-data><distance><kernel>","1",""
"47248","1","Question","2019-03-13 16:52:53","1","1274","<scikit-learn><logistic-regression>","1",""
"47262","1","Question","2019-03-13 18:45:18","1","330","<linear-regression><orange><orange3><partial-least-squares>","1",""
"47263","1","Question","2019-03-13 19:14:51","10","10224","<machine-learning><cross-validation><accuracy><overfitting>","2","5"
"47264","1","Question","2019-03-13 19:20:10","0","768","<python><pandas><numpy>","1",""
"47266","1","Question","2019-03-13 19:38:14","0","84","<scikit-learn><features>","1",""
"47267","1","Question","2019-03-13 19:42:46","10","1658","<scikit-learn><hyperparameter><hyperparameter-tuning><grid-search><randomized-algorithms>","2","5"
"47271","1","Question","2019-03-13 22:48:55","0","16","<statistics><data><data-science-model><descriptive-statistics><mathematics>","1",""
"47274","1","Question","2019-03-14 01:51:51","3","8828","<tensorflow><gan><gpu>","2","3"
"47276","1","Question","2019-03-14 05:04:56","0","177","<deep-learning><cnn><training><hyperparameter-tuning>","1",""
"47277","1","Question","2019-03-14 05:09:00","1","51","<machine-learning><scikit-learn><pandas><data-science-model>","0",""
"47278","1","Question","2019-03-14 06:01:30","2","746","<deep-learning><nlp><rnn><machine-translation><nlg>","1","1"
"47286","1","Question","2019-03-14 08:43:45","3","278","<python><deep-learning><tensorflow>","0",""
"47287","1","Question","2019-03-14 08:53:20","2","12442","<python><matplotlib>","2","2"
"47289","1","Question","2019-03-14 09:14:04","2","148","<computer-vision><object-detection><faster-rcnn>","1",""
"47291","1","Question","2019-03-14 10:08:02","3","355","<visualization><data-analysis><google><google-cloud><google-data-studio>","1",""
"47293","1","Question","2019-03-14 10:49:06","3","890","<keras><convolutional-neural-network>","0",""
"47294","1","Question","2019-03-14 10:51:48","1","225","<regression><batch-normalization>","0",""
"47295","1","Question","2019-03-14 11:04:05","1","1998","<machine-learning><neural-network><categorical-data><word-embeddings>","2",""
"47296","1","Question","2019-03-14 11:15:10","2","450","<python><tensorflow><object-detection>","0",""
"47297","1","Question","2019-03-14 11:34:50","1","33","<python><bayesian><scipy><probabilistic-programming>","0",""
"47298","1","Question","2019-03-14 11:35:36","1","31","<time-series><rnn>","1",""
"47302","1","Question","2019-03-14 12:46:50","7","10644","<machine-learning><computer-vision><convolution><opencv><image-preprocessing>","2","3"
"47309","1","Question","2019-03-14 16:00:30","1","41","<decision-trees>","1",""
"47310","1","Question","2019-03-14 16:50:13","1","141","<neural-network><scikit-learn><mlp>","1",""
"47312","1","Question","2019-03-14 17:16:45","1","1128","<machine-learning><keras>","1",""
"47313","1","Question","2019-03-14 17:57:16","3","237","<deep-learning><keras><lstm><cnn>","0","1"
"47316","1","Question","2019-03-14 20:23:12","4","105","<machine-learning><project-planning>","1",""
"47317","1","Question","2019-03-14 21:04:14","1","31","<bigdata><self-study>","0",""
"47318","1","Question","2019-03-14 21:10:29","1","191","<keras><tensorflow><convolution><gan><regularization>","0",""
"47320","1","Question","2019-03-15 00:58:32","1","44","<nlp>","0",""
"47321","1","Question","2019-03-15 03:19:05","1","25","<sentiment-analysis>","0",""
"47324","1","Question","2019-03-15 06:30:31","1","596","<dimensionality-reduction>","3","3"
"60657","1","Question","2019-09-23 17:57:07","2","370","<python><neural-network><keras>","5",""
"60658","1","Question","2019-09-23 18:20:14","1","32","<machine-learning><deep-learning><image-classification><computer-vision><image-recognition>","1",""
"60662","1","Question","2019-09-23 21:51:14","0","1256","<scikit-learn>","2",""
"60663","1","Question","2019-09-23 22:27:30","1","213","<machine-learning><python><neural-network><time-series><xgboost>","1","0"
"60667","1","Question","2019-09-23 23:15:38","1","63","<machine-learning><unsupervised-learning><dbscan><clustering>","1",""
"60668","1","Question","2019-09-24 01:14:57","1","51","<machine-learning><statistics>","1",""
"60669","1","Question","2019-09-24 01:20:02","1","45","<performance>","1",""
"60671","1","Question","2019-09-24 03:26:39","1","268","<r>","2","1"
"60674","1","Question","2019-09-24 06:21:45","1","237","<classification><nlp><random-forest><word2vec><word-embeddings>","2",""
"60678","1","Question","2019-09-24 08:21:49","1","4502","<time-series><xgboost><arima>","1","1"
"60679","1","Question","2019-09-24 08:34:17","1","1226","<machine-learning><deep-learning><classification><dataset><predictive-modeling>","1","0"
"60681","1","Question","2019-09-24 09:19:26","1","42","<machine-learning><unsupervised-learning><similarity>","1",""
"60684","1","Question","2019-09-24 09:46:35","3","2780","<machine-learning><classification><class-imbalance><smote><smotenc>","1","2"
"60685","1","Question","2019-09-24 09:50:41","0","102","<clustering><data-science-model><similarity>","1","1"
"60689","1","Question","2019-09-24 11:18:36","0","27","<python><nlp><sentiment-analysis>","1",""
"60694","1","Question","2019-09-24 12:33:21","1","161","<machine-learning><python><scikit-learn><clustering><unsupervised-learning>","0",""
"60695","1","Question","2019-09-24 12:47:00","0","49","<neural-network><deep-learning><tensorflow><lstm>","1","1"
"60703","1","Question","2019-09-24 16:01:45","1","39","<preprocessing>","1",""
"60706","1","Question","2019-09-24 17:41:37","2","236","<machine-learning><python><cnn><image-classification>","3",""
"60714","1","Question","2019-09-24 23:42:52","0","6004","<python><scikit-learn><anomaly-detection><outlier><data-imputation>","2","1"
"60717","1","Question","2019-09-25 01:07:40","1","37","<python><scikit-learn><anomaly-detection><outlier>","1","1"
"60722","1","Question","2019-09-25 04:45:24","1","50","<python><logistic-regression>","1",""
"60727","1","Question","2019-09-25 07:31:38","1","1028","<dataset><nlp><machine-translation><google>","3",""
"60731","1","Question","2019-09-25 09:02:52","1","91","<correlation>","1",""
"60738","1","Question","2019-09-25 10:04:47","1","499","<python><scikit-learn>","2",""
"60739","1","Question","2019-09-25 10:10:45","1","17","<machine-translation>","0",""
"60744","1","Question","2019-09-25 11:38:24","0","33","<time-series><xgboost><distribution>","1","1"
"60745","1","Question","2019-09-25 11:49:02","2","107","<pca>","3","1"
"60754","1","Question","2019-09-25 14:04:44","1","69","<clustering><k-means>","1",""
"60756","1","Question","2019-09-25 14:50:40","0","17","<machine-learning><nlp><data-science-model><annotation>","1",""
"60757","1","Question","2019-09-25 15:29:38","1","169","<reinforcement-learning><softmax>","0",""
"60760","1","Question","2019-09-25 15:46:30","0","85","<pyspark><sql><hive>","1",""
"60761","1","Question","2019-09-25 16:18:26","1","12","<time-series><forecasting><predictor-importance>","0",""
"60764","1","Question","2019-09-25 17:00:21","4","751","<random-forest><class-imbalance><sampling>","3","4"
"60765","1","Question","2019-09-25 18:26:11","1","156","<machine-learning><python><tensorflow><multiclass-classification><pytorch>","0",""
"60770","1","Question","2019-09-25 18:32:47","0","3730","<python><linear-regression>","2",""
"60775","1","Question","2019-09-25 20:31:46","1","41","<python><scikit-learn><regression><linear-regression><dummy-variables>","0",""
"60778","1","Question","2019-09-25 21:26:26","3","45","<terminology>","1","1"
"60782","1","Question","2019-09-25 23:24:45","1","83","<machine-learning><classification><cnn><ocr>","1",""
"60785","1","Question","2019-09-25 23:45:00","4","205","<machine-learning><gradient-descent>","1",""
"60787","1","Question","2019-09-26 01:30:44","1","25","<nlp><expectation-maximization>","0",""
"60795","1","Question","2019-09-26 07:48:38","1","74","<classification><predictive-modeling>","2",""
"60796","1","Question","2019-09-26 08:01:44","1","32","<deep-learning><reinforcement-learning><ai><softmax><deepmind>","0",""
"60798","1","Question","2019-09-26 08:14:51","1","2706","<python><visualization><data-analysis>","2",""
"60807","1","Question","2019-09-26 08:55:13","4","985","<machine-learning><predictive-modeling><svm>","1",""
"60811","1","Question","2019-09-26 09:53:32","1","59","<correlation>","2",""
"60812","1","Question","2019-09-26 09:55:57","1","239","<keras><time-series><forecasting>","1",""
"60814","1","Question","2019-09-26 10:42:00","1","46","<data-mining><text-mining><orange><orange3>","1",""
"60817","1","Question","2019-09-26 11:23:40","2","619","<dimensionality-reduction><nlp><embeddings><similar-documents>","1",""
"60819","1","Question","2019-09-26 11:34:10","3","262","<machine-learning><dimensionality-reduction>","2",""
"60820","1","Question","2019-09-26 12:03:44","0","21","<classification><feature-selection><features>","1",""
"47328","1","Question","2019-03-15 07:34:16","6","6015","<deep-learning><cnn><convolution><pytorch>","1","2"
"47330","1","Question","2019-03-15 08:36:25","2","147","<machine-learning><data-mining><activation-function>","1",""
"47334","1","Question","2019-03-15 10:12:11","0","44","<time-series><predictive-modeling>","1","1"
"47335","1","Question","2019-03-15 11:37:24","3","661","<deep-learning><tensorflow><reinforcement-learning><dqn><deepmind>","0",""
"47336","1","Question","2019-03-15 11:54:01","3","2554","<machine-learning><neural-network><deep-learning><keras><activation-function>","1","2"
"47337","1","Question","2019-03-15 11:59:12","1","469","<machine-learning><clustering><k-means><unsupervised-learning><weka>","1",""
"47339","1","Question","2019-03-15 12:18:44","2","185","<machine-learning><data-mining><metric>","3","1"
"47341","1","Question","2019-03-15 12:40:38","1","287","<machine-learning-model>","1",""
"47345","1","Question","2019-03-15 13:21:04","1","52","<machine-learning><scikit-learn><regression><linear-regression><recommender-system>","2",""
"47348","1","Question","2019-03-15 13:34:39","1","56","<machine-learning><supervised-learning><data-science-model><model-selection><bioinformatics>","0","2"
"47349","1","Question","2019-03-15 13:56:20","1","35","<data-cleaning><anomaly-detection>","0",""
"47352","1","Question","2019-03-15 14:23:24","1","34","<machine-learning><deep-learning>","0",""
"47353","1","Question","2019-03-15 14:41:59","1","97","<classification><word2vec><gensim>","0",""
"47355","1","Question","2019-03-15 15:03:21","2","260","<regression><linear-regression>","1",""
"47356","1","Question","2019-03-15 15:04:21","2","215","<dataset>","1",""
"47357","1","Question","2019-03-15 15:04:56","0","73","<image-preprocessing>","1",""
"47362","1","Question","2019-03-15 16:03:06","0","236","<machine-learning><neural-network><deep-learning><lstm><loss-function>","1",""
"47363","1","Question","2019-03-15 16:14:12","2","125","<python><pandas>","1",""
"47366","1","Question","2019-03-15 16:22:12","1","22","<pandas>","1",""
"47367","1","Question","2019-03-15 16:41:53","1","53","<deep-learning><keras><word-embeddings><embeddings>","0",""
"47368","1","Question","2019-03-15 17:16:42","1","618","<google>","2",""
"47372","1","Question","2019-03-15 19:00:25","1","83","<machine-learning><deep-learning><keras><tensorflow><backpropagation>","1",""
"47373","1","Question","2019-03-15 19:17:13","1","2144","<machine-learning><python><clustering><k-means>","3",""
"47375","1","Question","2019-03-15 19:44:26","1","61","<machine-learning><python><data><data-analysis>","1",""
"47383","1","Question","2019-03-15 22:50:12","1","36","<machine-learning><data-mining><recommender-system><association-rules><market-basket-analysis>","0",""
"47384","1","Question","2019-03-15 23:51:10","2","26","<machine-learning><python><markov-process><ngrams>","1",""
"47385","1","Question","2019-03-15 23:54:04","3","1056","<deep-learning><autoencoder>","1","2"
"47387","1","Question","2019-03-16 01:41:56","0","409","<machine-learning><python><bigdata><xgboost>","1",""
"47388","1","Question","2019-03-16 02:10:35","2","2104","<machine-learning><feature-selection>","3","1"
"47392","1","Question","2019-03-16 04:38:14","2","301","<linear-regression><normalization>","1",""
"47396","1","Question","2019-03-16 07:07:29","2","117","<data><sentiment-analysis>","2",""
"47397","1","Question","2019-03-16 07:12:36","3","659","<machine-learning><transformer><bert>","1","2"
"47399","1","Question","2019-03-16 08:38:35","1","4195","<python><tensorflow>","1",""
"47402","1","Question","2019-03-16 09:36:00","1","60","<gradient-descent>","1",""
"47405","1","Question","2019-03-16 10:25:11","30","35108","<keras><epochs>","5","8"
"47406","1","Question","2019-03-16 10:30:21","2","1333","<machine-learning><training><transformer><bert>","1",""
"47407","1","Question","2019-03-16 10:42:25","2","25","<machine-learning><data-mining><regression><pandas>","1",""
"47409","1","Question","2019-03-16 10:57:11","3","874","<feature-engineering><encoding><data-imputation>","1",""
"47410","1","Question","2019-03-16 11:15:53","1","29","<machine-learning><data-mining>","0",""
"47414","1","Question","2019-03-16 11:59:24","2","122","<gradient-descent>","2",""
"47421","1","Question","2019-03-16 15:15:48","1","759","<deep-learning><time-series><convolution>","1",""
"47423","1","Question","2019-03-16 15:50:39","9","4508","<cnn><class-imbalance><weighted-data><data-augmentation>","1","3"
"47424","1","Question","2019-03-16 16:00:21","0","92","<nlp><text-mining><algorithms>","1",""
"47425","1","Question","2019-03-16 16:08:13","2","22","<reinforcement-learning>","1",""
"47427","1","Question","2019-03-16 17:11:32","2","390","<keras>","1",""
"47429","1","Question","2019-03-16 17:42:54","2","170","<nlp><word-embeddings><similar-documents><vector-space-models>","2",""
"47435","1","Question","2019-03-16 20:59:00","1","21","<neural-network><cnn><pytorch>","0",""
"47436","1","Question","2019-03-16 21:59:49","5","225","<machine-learning><reinforcement-learning>","2",""
"47437","1","Question","2019-03-16 22:27:00","9","1835","<deep-learning><gan><gaussian>","1","2"
"47439","1","Question","2019-03-17 00:21:29","2","150","<machine-learning><deep-learning><autoencoder><probability><metric>","0","3"
"47445","1","Question","2019-03-17 03:02:48","1","223","<r><data><regularization><excel><error-handling>","1",""
"47447","1","Question","2019-03-17 03:44:52","1","19","<lstm><autoencoder><reshape>","0",""
"47449","1","Question","2019-03-17 04:26:00","3","137","<reinforcement-learning>","2",""
"47450","1","Question","2019-03-17 04:54:33","0","200","<matplotlib>","1",""
"47452","1","Question","2019-03-17 05:58:53","3","82","<training>","1",""
"47456","1","Question","2019-03-17 07:23:54","1","920","<reinforcement-learning><feature-construction>","2",""
"60821","1","Question","2019-09-26 12:38:06","2","90","<cross-validation>","3",""
"60824","1","Question","2019-09-26 12:42:57","1","288","<python><dataframe>","1","1"
"60827","1","Question","2019-09-26 13:02:10","1","284","<machine-learning>","1",""
"60832","1","Question","2019-09-26 14:08:39","0","33","<classification><time-series>","2",""
"60837","1","Question","2019-09-26 14:47:37","0","22","<neural-network>","1",""
"60840","1","Question","2019-09-26 15:06:40","2","145","<deep-learning><lstm><rnn>","0",""
"60845","1","Question","2019-09-26 16:24:40","4","68","<data-mining><genetic-algorithms><evolutionary-algorithms>","1","1"
"60848","1","Question","2019-09-26 17:55:03","2","140","<classification><decision-trees>","1","1"
"60850","1","Question","2019-09-26 18:10:59","3","367","<python><scikit-learn><scoring>","1",""
"60854","1","Question","2019-09-26 20:38:24","2","542","<tensorflow><object-detection><pipelines>","1",""
"60861","1","Question","2019-09-27 04:24:55","3","126","<machine-learning><cross-validation>","1",""
"60862","1","Question","2019-09-27 04:55:28","1","2322","<machine-learning><python><scikit-learn><normalization>","1","1"
"60865","1","Question","2019-09-27 06:55:00","1","72","<neural-network><audio-recognition>","2",""
"60866","1","Question","2019-09-27 07:03:55","0","972","<python><neural-network><dataset><multilabel-classification><mnist>","1",""
"60868","1","Question","2019-09-27 07:41:01","1","97","<machine-learning><classification><feature-extraction><sensors>","2",""
"60871","1","Question","2019-09-27 08:22:35","0","195","<image-classification><ocr>","0",""
"60875","1","Question","2019-09-27 09:31:53","1","255","<python><keras><tensorflow><data-science-model>","0",""
"60878","1","Question","2019-09-27 10:12:39","1","247","<tensorflow><anaconda>","1",""
"60885","1","Question","2019-09-27 12:35:53","1","94","<classification><data><learning><vc-theory>","1",""
"60890","1","Question","2019-09-27 13:52:34","-3","36","<python><visualization><matplotlib>","1","1"
"60895","1","Question","2019-09-27 14:51:01","0","333","<deep-learning><reinforcement-learning><dqn><ai><softmax>","2",""
"60896","1","Question","2019-09-27 15:05:30","2","170","<multilabel-classification>","1","2"
"60899","1","Question","2019-09-27 15:30:49","1","99","<regression><predictive-modeling><overfitting>","1",""
"60904","1","Question","2019-09-27 16:07:02","1","26","<machine-learning><feature-selection>","1",""
"60910","1","Question","2019-09-27 16:54:29","0","105","<neural-network><keras><image-classification><convolutional-neural-network>","3",""
"60911","1","Question","2019-09-27 17:03:11","1","105","<machine-learning><linear-regression><visualization>","2","1"
"60917","1","Question","2019-09-27 20:01:34","1","51","<machine-learning><neural-network><deep-learning><keras>","1","1"
"60921","1","Question","2019-09-27 20:57:39","-1","78","<python><statistics><data><feature-engineering><data-science-model>","1",""
"60927","1","Question","2019-09-27 22:52:16","1","132","<python><linear-regression><cross-validation><score>","1",""
"60932","1","Question","2019-09-28 01:55:03","1","1073","<machine-learning><predictive-modeling><data><data-science-model>","2",""
"60936","1","Question","2019-09-28 06:22:33","2","340","<machine-learning><multiclass-classification><class-imbalance><sampling>","3",""
"60944","1","Question","2019-09-28 11:21:51","0","154","<neural-network><cnn><image-classification><image-recognition><image-preprocessing>","3",""
"60946","1","Question","2019-09-28 11:46:08","2","160","<deep-learning><classification><predictive-modeling>","3",""
"60950","1","Question","2019-09-28 13:35:03","15","8900","<decision-trees><xgboost><normalization>","2","3"
"60951","1","Question","2019-09-28 13:38:55","0","3963","<machine-learning><scikit-learn><decision-trees><xgboost>","1","2"
"60952","1","Question","2019-09-28 14:00:30","2","319","<pandas>","1",""
"60955","1","Question","2019-09-28 14:59:18","3","9636","<python><pandas><data-cleaning><numpy>","1",""
"60958","1","Question","2019-09-28 16:43:27","0","22","<neural-network><deep-learning><tensorflow><genetic-algorithms>","0",""
"60960","1","Question","2019-09-28 17:05:26","1","2475","<reinforcement-learning><overfitting><plotting>","2",""
"60965","1","Question","2019-09-28 19:22:40","1","31","<gradient-descent><boosting>","0",""
"47458","1","Question","2019-03-17 07:58:50","5","3547","<gan><databases>","1","3"
"47460","1","Question","2019-03-17 08:40:48","3","1334","<deep-learning><lstm><rnn>","2","2"
"47466","1","Question","2019-03-17 10:33:32","2","70","<linear-regression><cost-function>","1",""
"47478","1","Question","2019-03-17 16:15:15","1","76","<machine-learning><python><scikit-learn><linear-regression><word-embeddings>","0",""
"47479","1","Question","2019-03-17 16:17:59","1","111","<machine-learning><deep-learning><time-series><lstm><books>","1",""
"47480","1","Question","2019-03-17 16:29:23","0","298","<python><deep-learning><reinforcement-learning><q-learning><openai-gym>","1",""
"47482","1","Question","2019-03-16 12:32:48","3","997","<python><tensorflow>","1",""
"47485","1","Question","2019-03-17 18:34:24","4","55","<r><time-series><correlation><data-analysis>","0","2"
"47486","1","Question","2019-03-17 20:19:31","1","60","<r><statistics><graphs>","0",""
"47487","1","Question","2019-03-17 21:26:35","1","96","<machine-learning><predictive-modeling><xgboost>","1",""
"47488","1","Question","2019-03-17 22:51:08","1","59","<data-mining><dataset><visualization><data>","1","0"
"47491","1","Question","2019-03-18 04:01:00","2","2767","<python><computer-vision><tools><data-augmentation>","4",""
"47492","1","Question","2019-03-18 04:44:41","3","94","<machine-learning><scikit-learn><dimensionality-reduction>","1","1"
"47493","1","Question","2019-03-18 05:40:31","4","1222","<machine-learning>","2","1"
"47494","1","Question","2019-03-18 06:20:57","1","141","<machine-learning><keras><cnn>","0",""
"47496","1","Question","2019-03-18 06:33:53","1","5379","<python><pandas><data-cleaning>","3",""
"47497","1","Question","2019-03-18 06:52:24","2","195","<clustering>","2",""
"47499","1","Question","2019-03-18 07:25:05","1","98","<machine-learning><recommender-system>","1",""
"47501","1","Question","2019-03-18 08:05:13","3","1079","<keras><r>","2",""
"47502","1","Question","2019-03-18 08:19:36","2","1727","<python><classification><keras><class-imbalance>","2",""
"47510","1","Question","2019-03-18 10:20:28","1","4906","<machine-learning><python><xgboost>","1",""
"47512","1","Question","2019-03-18 10:45:34","0","314","<machine-learning><python><scikit-learn><feature-selection>","1","1"
"47513","1","Question","2019-03-18 10:50:33","1","101","<python><cnn><pytorch>","0",""
"47515","1","Question","2019-03-18 11:04:55","1","56","<neural-network><scikit-learn><linear-regression>","1",""
"47523","1","Question","2019-03-18 12:06:18","2","58","<visualization><social-network-analysis><plotting><matplotlib>","1",""
"47526","1","Question","2019-03-18 13:07:44","1","213","<visualization><reinforcement-learning>","1",""
"47528","1","Question","2019-03-18 14:26:39","0","97","<data-science-model><sas>","1",""
"47533","1","Question","2019-03-18 15:44:39","1","67","<dataset><predictive-modeling><logistic-regression><beginner>","1",""
"47539","1","Question","2019-03-18 16:35:11","1","309","<logistic-regression><cost-function>","1",""
"47540","1","Question","2019-03-18 16:42:57","1","31","<deep-learning><cnn>","0",""
"47542","1","Question","2019-03-18 16:48:45","1","647","<lstm><rnn><word-embeddings>","0",""
"47543","1","Question","2019-03-18 16:51:54","0","3023","<python><xgboost><algorithms><windows>","3",""
"47544","1","Question","2019-03-18 17:01:25","2","276","<machine-learning>","2","1"
"47545","1","Question","2019-03-18 17:10:39","4","821","<machine-learning><deep-learning><nlp><information-retrieval><automatic-summarization>","1",""
"47550","1","Question","2019-03-18 18:02:52","0","65","<python><neural-network><keras><linear-regression>","1",""
"60966","1","Question","2019-09-28 19:32:08","0","53","<machine-learning><classification><svm><optimization>","1",""
"60968","1","Question","2019-09-28 19:48:03","0","27","<deep-learning><keras><tensorflow><cnn><image>","1",""
"60970","1","Question","2019-09-28 20:50:22","0","317","<machine-learning><neural-network><keras><regression>","1","0"
"60971","1","Question","2019-09-28 21:07:41","1","114","<classification><decision-trees>","2",""
"60974","1","Question","2019-09-28 21:35:36","2","66","<nlp>","2","1"
"60980","1","Question","2019-09-29 02:24:27","1","59","<machine-learning>","2",""
"60981","1","Question","2019-09-29 04:21:48","0","170","<visualization>","1",""
"60990","1","Question","2019-09-29 10:05:35","1","35","<python><pandas><data-cleaning>","1",""
"60991","1","Question","2019-09-29 10:20:51","0","48","<anaconda>","1",""
"60994","1","Question","2019-09-29 11:20:09","0","106","<machine-learning>","1",""
"60996","1","Question","2019-09-29 12:11:51","0","901","<machine-learning><regression><algorithms><perceptron>","1",""
"60997","1","Question","2019-09-29 12:27:41","2","51","<k-means><plotting>","0",""
"61001","1","Question","2019-09-29 14:38:45","0","344","<python><pandas>","1",""
"61002","1","Question","2019-09-29 16:18:06","2","152","<similar-documents>","2",""
"61009","1","Question","2019-09-29 18:57:49","2","862","<nlp><unsupervised-learning><named-entity-recognition>","2",""
"61012","1","Question","2019-09-29 20:36:30","0","42","<python><pandas>","1",""
"61021","1","Question","2019-09-30 02:04:41","0","57","<clustering><bigdata><k-means><distance><hierarchical-data-format>","2",""
"61022","1","Question","2019-09-30 03:11:31","0","541","<clustering><bigdata><k-means><similarity><distance>","2",""
"61024","1","Question","2019-09-30 04:00:46","2","189","<deep-learning><nlp><loss-function><transformer>","1","1"
"61028","1","Question","2019-09-30 04:43:34","0","193","<neural-network><cnn><convolution><backpropagation><reference-request>","1",""
"61036","1","Question","2019-09-30 09:00:41","1","3532","<python><keras><cnn>","4","2"
"61040","1","Question","2019-09-30 12:01:39","1","131","<r><data><sql><json>","1",""
"61042","1","Question","2019-09-30 12:18:12","4","3128","<lstm><xgboost><forecasting><arima>","2","1"
"61045","1","Question","2019-09-30 13:42:03","0","555","<word-embeddings>","0",""
"61048","1","Question","2019-09-30 14:42:22","2","1132","<machine-learning><python><categorical-data>","2",""
"61051","1","Question","2019-09-30 15:01:45","1","125","<r><xgboost><azure-ml>","1",""
"61061","1","Question","2019-09-30 18:42:06","1","39","<machine-learning-model><word-embeddings><aws>","0",""
"47556","1","Question","2019-03-18 19:36:02","1","685","<nlp><nltk><tokenization>","1",""
"47559","1","Question","2019-03-18 20:48:01","3","1198","<neural-network><deep-learning><convolution>","1",""
"47562","1","Question","2019-03-18 21:25:20","3","12738","<python><pandas>","3","1"
"47564","1","Question","2019-03-18 22:11:12","2","227","<python><orange><orange3>","1",""
"47565","1","Question","2019-03-18 22:31:37","2","422","<machine-learning><predictive-modeling><machine-learning-model>","2",""
"47569","1","Question","2019-03-19 01:00:32","3","344","<svm><logistic-regression>","3","1"
"47573","1","Question","2019-03-19 03:17:21","1","53","<classification><predictive-modeling>","1","2"
"47576","1","Question","2019-03-19 03:33:45","1","70","<time-series><lstm><cnn>","1",""
"47577","1","Question","2019-03-19 03:50:40","1","64","<reinforcement-learning><policy-gradients>","1",""
"47579","1","Question","2019-03-19 04:14:03","3","210","<k-means>","1",""
"47580","1","Question","2019-03-19 04:26:50","3","338","<feature-selection><mutual-information>","1","1"
"47582","1","Question","2019-03-19 05:43:31","0","56","<deep-learning><mini-batch-gradient-descent><epochs><learning-rate>","1",""
"47586","1","Question","2019-03-19 06:43:30","2","169","<logistic-regression><missing-data>","1",""
"47590","1","Question","2019-03-19 07:39:16","2","127","<computer-vision><object-detection>","1",""
"47594","1","Question","2019-03-19 08:41:17","1","984","<machine-learning><pandas>","1",""
"47598","1","Question","2019-03-19 09:30:19","2","63","<machine-learning><optimization>","1",""
"47600","1","Question","2019-03-19 10:14:39","2","1101","<keras><tensorflow><gpu>","1",""
"47604","1","Question","2019-03-19 10:46:59","2","1253","<python><visualization><matplotlib>","1",""
"47606","1","Question","2019-03-19 11:15:35","1","61","<machine-learning><data-mining><xgboost><hyperparameter>","0","1"
"47608","1","Question","2019-03-19 12:03:24","1","26","<classification><svm><hyperparameter-tuning>","0",""
"47610","1","Question","2019-03-19 12:08:35","0","38","<machine-learning><hardware>","1",""
"47613","1","Question","2019-03-19 13:25:41","0","457","<r><nlp><stanford-nlp>","1",""
"47616","1","Question","2019-03-19 13:36:03","0","470","<python><clustering><anomaly-detection>","2",""
"47617","1","Question","2019-03-19 13:36:15","8","2574","<deep-learning><nlp>","3","2"
"47618","1","Question","2019-03-19 13:50:08","1","48","<deep-learning><keras><computer-vision>","0",""
"47619","1","Question","2019-03-19 14:08:18","3","173","<machine-learning><feature-selection><feature-engineering><correlation><data-leakage>","2",""
"47620","1","Question","2019-03-19 14:10:02","1","909","<machine-learning><feature-extraction><feature-engineering>","2",""
"47623","1","Question","2019-03-19 14:53:46","3","8537","<machine-learning><neural-network><deep-learning><keras><numpy>","1",""
"47627","1","Question","2019-03-19 15:15:52","4","134","<machine-learning><image-classification>","1","1"
"47628","1","Question","2019-03-19 15:45:40","1","5125","<python><clustering><unsupervised-learning>","1",""
"47636","1","Question","2019-03-19 19:31:06","2","128","<visualization><outlier><distribution>","2",""
"47638","1","Question","2019-03-19 19:55:36","5","3863","<machine-learning><algorithms><encoding><dummy-variables>","2","3"
"47640","1","Question","2019-03-19 20:29:43","0","490","<machine-learning><feature-selection><feature-extraction><feature-engineering>","1",""
"47641","1","Question","2019-03-19 21:36:11","2","52","<r><data><code>","2",""
"47642","1","Question","2019-03-19 23:34:29","2","1146","<machine-learning><tensorflow><convolutional-neural-network>","1",""
"47651","1","Question","2019-03-20 04:56:27","3","1018","<deep-learning><cnn><image-classification>","1",""
"47652","1","Question","2019-03-20 06:11:42","1","201","<machine-learning><time-series><anomaly-detection><outlier>","1",""
"47657","1","Question","2019-03-20 09:49:19","1","47","<machine-learning><loss-function><mathematics>","1",""
"61066","1","Question","2019-09-30 23:08:48","0","56","<distributed>","1",""
"61068","1","Question","2019-10-01 01:21:20","0","58","<text-mining><tfidf>","1",""
"61070","1","Question","2019-10-01 04:09:51","5","450","<python><r><pipelines>","3",""
"61074","1","Question","2019-10-01 05:11:47","2","90","<machine-learning><neural-network><classification>","1",""
"61075","1","Question","2019-10-01 05:35:51","0","105","<machine-learning><python><decision-trees><information-theory>","1",""
"61078","1","Question","2019-10-01 07:54:26","0","81","<python><pandas><multiclass-classification><csv><data-table>","1",""
"61085","1","Question","2019-10-01 09:57:31","1","49","<dataset><data>","2",""
"61086","1","Question","2019-10-01 10:05:03","1","32","<jupyter><aws><sagemaker>","0","0"
"61090","1","Question","2019-10-01 12:19:19","1","22","<machine-learning><neural-network><reinforcement-learning><training>","0",""
"61092","1","Question","2019-10-01 12:43:06","3","75","<neural-network><keras><numpy>","1",""
"61093","1","Question","2019-10-01 12:45:09","0","60","<keras><lstm><sequence-to-sequence>","1",""
"61095","1","Question","2019-10-01 13:10:58","4","2478","<keras><time-series><lstm><convolution><autoencoder>","1","1"
"61099","1","Question","2019-10-01 14:15:05","0","27","<machine-learning><accuracy>","1",""
"61100","1","Question","2019-10-01 14:30:09","1","220","<keras><metric>","1",""
"61107","1","Question","2019-10-01 18:06:38","1","44","<machine-learning><predictive-modeling><machine-learning-model><aggregation>","1",""
"61114","1","Question","2019-10-01 20:54:40","1","1276","<python><accuracy><confusion-matrix>","4",""
"61115","1","Question","2019-10-01 20:57:27","1","31","<machine-learning><classification><class-imbalance><metric><boosting>","1",""
"61118","1","Question","2019-10-01 22:38:16","1","91","<data-mining><data>","1",""
"61122","1","Question","2019-10-02 00:50:10","1","688","<python><keras><image-classification><convolutional-neural-network><vgg16>","1",""
"61123","1","Question","2019-10-02 03:32:34","-2","271","<python><clustering><k-means><categorical-data>","1",""
"61124","1","Question","2019-10-02 03:57:57","0","47","<deep-learning><keras><cnn><lstm>","0","0"
"61125","1","Question","2019-10-02 04:13:33","0","29","<machine-learning><decision-trees><xgboost><boosting>","1",""
"61130","1","Question","2019-10-02 06:57:12","3","628","<machine-learning><neural-network><keras><linear-regression>","1",""
"61131","1","Question","2019-10-02 07:15:40","0","879","<keras><tensorflow><cnn>","1",""
"61132","1","Question","2019-10-02 07:26:06","2","679","<deep-learning><keras><lstm><loss-function><accuracy>","1",""
"61137","1","Question","2019-10-02 09:07:10","9","776","<machine-learning><deep-learning><data-cleaning><data-analysis><reference-request>","4","1"
"61140","1","Question","2019-10-02 10:40:15","3","778","<classification><xgboost><cross-validation><boosting>","2",""
"61142","1","Question","2019-10-02 10:57:49","2","375","<machine-learning><python><scikit-learn><dataset><cross-validation>","2",""
"61143","1","Question","2019-10-02 11:06:14","0","32","<neural-network>","2",""
"61144","1","Question","2019-10-02 11:29:48","0","688","<python><keras>","1",""
"61146","1","Question","2019-10-02 12:27:34","2","188","<python><pandas>","2",""
"61147","1","Question","2019-10-02 12:37:47","1","33","<python><keras><time-series><training><cross-validation>","1",""
"61155","1","Question","2019-10-02 14:22:40","1","89","<machine-learning><python><linear-regression><machine-learning-model><ridge-regression>","1",""
"61162","1","Question","2019-10-02 17:39:21","0","74","<machine-learning><neural-network><feature-extraction>","1",""
"61163","1","Question","2019-10-02 18:55:47","1","88","<neural-network><tensorflow>","1",""
"61165","1","Question","2019-10-02 19:59:47","1","767","<keras><tensorflow><metric>","0",""
"61171","1","Question","2019-10-03 02:34:00","0","34","<gaussian><gaussian-process>","1",""
"61173","1","Question","2019-10-03 06:25:45","1","30","<scikit-learn><svm>","0",""
"61174","1","Question","2019-10-03 06:28:36","1","24","<neural-network><deep-learning><supervised-learning>","1",""
"47658","1","Question","2019-03-20 09:52:00","6","265","<unsupervised-learning><anomaly-detection><class-imbalance><evaluation>","1",""
"47665","1","Question","2019-03-20 12:00:40","0","1248","<deep-learning><cnn><kernel>","1",""
"47666","1","Question","2019-03-20 12:06:03","2","824","<machine-learning>","2",""
"47667","1","Question","2019-03-20 12:15:23","1","985","<machine-learning><clustering><dataset>","0",""
"47671","1","Question","2019-03-20 13:08:52","0","217","<machine-learning><keras><image-classification>","1",""
"47672","1","Question","2019-03-20 13:17:08","1","21","<deep-learning><jupyter>","1",""
"47679","1","Question","2019-03-20 14:41:27","3","97","<machine-learning><neural-network><optimization>","1",""
"47685","1","Question","2019-03-20 16:17:39","0","697","<r>","1",""
"47687","1","Question","2019-03-20 16:22:00","2","158","<nlp><bert><openai-gpt>","0",""
"47693","1","Question","2019-03-20 18:57:49","1","326","<dataset><data><data-cleaning><pca><dummy-variables>","1",""
"47698","1","Question","2019-03-20 21:07:11","1","755","<machine-learning><classification><semi-supervised-learning>","1",""
"47699","1","Question","2019-03-20 21:10:35","1","640","<classification><time-series>","1","1"
"47702","1","Question","2019-03-20 21:38:03","2","400","<python><cnn><matlab>","2",""
"47706","1","Question","2019-03-20 22:58:41","2","183","<python><neural-network><c>","0",""
"47710","1","Question","2019-03-21 03:55:04","2","318","<bigdata><visualization><graphs><javascript><wolfram-language>","0","1"
"47712","1","Question","2019-03-21 05:05:10","5","123","<machine-learning><neural-network><deep-learning><tensorflow><hyperparameter-tuning>","3",""
"47713","1","Question","2019-03-21 05:49:28","3","1457","<python><clustering>","2",""
"47715","1","Question","2019-03-21 06:21:14","5","2551","<random-forest>","2","1"
"47720","1","Question","2019-03-21 07:31:33","6","16254","<python><deep-learning><classification><keras><overfitting>","1",""
"47725","1","Question","2019-03-21 09:34:10","6","613","<confusion-matrix>","4","1"
"47728","1","Question","2019-03-21 10:05:13","3","439","<machine-learning><deep-learning><time-series><unsupervised-learning><anomaly-detection>","1","1"
"47731","1","Question","2019-03-21 11:07:30","1","45","<apache-spark>","0",""
"47735","1","Question","2019-03-21 11:27:05","2","997","<python><neural-network><keras><cnn>","1",""
"47737","1","Question","2019-03-21 12:43:23","1","32","<cnn>","0",""
"47740","1","Question","2019-03-21 13:52:48","1","103","<r><time-series><regression><forecasting>","0",""
"47742","1","Question","2019-03-21 14:24:21","1","1740","<python><statistics><scipy>","1",""
"47743","1","Question","2019-03-21 14:44:12","0","433","<python><dataset><sampling>","1","1"
"47744","1","Question","2019-03-21 15:08:45","2","1468","<deep-learning><labels><yolo>","1",""
"47748","1","Question","2019-03-21 16:48:09","2","322","<python><bigdata><hierarchical-data-format>","0",""
"47751","1","Question","2019-03-21 18:14:16","3","3894","<machine-learning><neural-network><deep-learning><regression><activation-function>","2","1"
"47757","1","Question","2019-03-21 19:47:10","-1","55","<r><data-mining><dataset><data><data-cleaning>","2",""
"47758","1","Question","2019-03-21 19:47:32","1","322","<tensorflow><object-detection>","1",""
"47759","1","Question","2019-03-21 20:20:04","26","10748","<python><deep-learning><keras><tensorflow>","2","7"
"47761","1","Question","2019-03-21 21:48:04","1","63","<machine-learning><classification><r><random-forest><class-imbalance>","0",""
"47768","1","Question","2019-03-22 05:05:37","2","57","<python><machine-learning-model><forecasting>","1",""
"47769","1","Question","2019-03-22 05:14:42","1","725","<python><regression><svm><hyperparameter>","1",""
"47773","1","Question","2019-03-22 09:35:50","1","42","<neural-network><deep-learning><nlp><language-model><transformer>","1",""
"47784","1","Question","2019-03-22 12:28:56","2","40","<machine-learning><neural-network><deep-learning>","1",""
"47787","1","Question","2019-03-22 13:02:40","14","3578","<machine-learning><neural-network>","3","8"
"47790","1","Question","2019-03-22 13:46:42","0","138","<machine-learning><neural-network><multiclass-classification>","1","0"
"61179","1","Question","2019-10-03 08:59:22","1","69","<python>","1",""
"61181","1","Question","2019-10-03 09:38:43","1","49","<machine-learning><python><xgboost><machine-learning-model><optimization>","1",""
"61183","1","Question","2019-10-03 09:51:50","0","357","<python><keras><object-detection><jupyter>","1",""
"61194","1","Question","2019-10-03 11:47:18","0","44","<python><reinforcement-learning><policy-gradients><ai><actor-critic>","1",""
"61195","1","Question","2019-10-03 12:09:29","1","2107","<machine-learning><python><deep-learning><nlp><text-generation>","1","4"
"61201","1","Question","2019-10-03 13:01:48","2","84","<machine-learning><neural-network><deep-learning><statistics>","4",""
"61203","1","Question","2019-10-03 13:19:38","1","66","<random-forest><decision-trees>","1",""
"61209","1","Question","2019-10-03 16:17:41","2","40","<machine-learning><hardware>","1",""
"61223","1","Question","2019-10-03 20:34:05","1","410","<preprocessing>","1",""
"61224","1","Question","2019-10-03 21:18:01","3","1304","<keras><tensorflow><lstm><sequence>","1",""
"61227","1","Question","2019-10-03 23:01:53","0","69","<python><data-science-model>","1",""
"61231","1","Question","2019-10-04 02:38:56","1","50","<neural-network><reinforcement-learning><policy-gradients><implementation>","1",""
"61232","1","Question","2019-10-04 03:42:04","2","1420","<nlp><word2vec><word-embeddings>","2",""
"61236","1","Question","2019-10-04 05:19:04","1","302","<pandas><similar-documents>","1",""
"61239","1","Question","2019-10-04 06:04:41","-1","446","<machine-learning><python><text-mining>","1",""
"61242","1","Question","2019-10-04 08:27:48","2","81","<machine-learning><python><keras>","1",""
"61244","1","Question","2019-10-04 08:50:58","0","56","<pandas><xgboost><gradient-descent><hyperparameter><boosting>","1",""
"61248","1","Question","2019-10-04 09:37:42","1","2863","<python><graphs><geospatial><networkx>","1","1"
"61252","1","Question","2019-10-04 11:37:55","0","13","<data-mining><dataset><data><preprocessing>","1",""
"61254","1","Question","2019-10-04 12:07:20","-1","420","<neural-network><keras><tensorflow><predictive-modeling><lstm>","2",""
"61255","1","Question","2019-10-04 12:13:13","3","1797","<random-forest><decision-trees>","2","1"
"61261","1","Question","2019-10-04 14:45:54","2","112","<machine-learning><classification><binary>","1",""
"61262","1","Question","2019-10-04 15:02:21","1","1744","<reinforcement-learning><dqn><policy-gradients><actor-critic>","2",""
"61263","1","Question","2019-10-04 15:34:12","0","14","<graphs><representation>","1",""
"61266","1","Question","2019-10-04 16:27:49","0","54","<neural-network><autoencoder>","1",""
"61268","1","Question","2019-10-04 17:04:41","-1","264","<python><dataset><clustering><pandas><k-means>","1",""
"61276","1","Question","2019-10-04 19:26:52","0","32","<machine-learning><data>","0",""
"61285","1","Question","2019-10-05 00:42:34","1","78","<python><neural-network><keras>","1","1"
"61286","1","Question","2019-10-05 03:03:27","0","24","<machine-learning><predictive-modeling>","1",""
"61287","1","Question","2019-10-05 03:42:22","0","176","<neural-network><activation-function>","1",""
"61289","1","Question","2019-10-05 05:56:08","1","63","<machine-learning><linear-regression>","2",""
"61299","1","Question","2019-10-05 11:51:28","1","711","<machine-learning><xgboost><probability-calibration>","1",""
"61300","1","Question","2019-10-05 12:13:56","0","84","<machine-learning><neural-network><autoencoder><neural>","1",""
"61301","1","Question","2019-10-05 12:21:27","1","12","<python><ipython>","0",""
"61302","1","Question","2019-10-05 13:55:56","0","267","<python><cnn><image-recognition>","1",""
"61308","1","Question","2019-10-05 16:07:00","1","223","<neural-network><cnn><convolutional-neural-network>","1","0"
"61310","1","Question","2019-10-05 16:15:11","1","21","<cnn><feature-extraction><convolutional-neural-network>","0",""
"61312","1","Question","2019-10-05 16:59:38","0","94","<machine-learning><nlp><clustering>","1",""
"61315","1","Question","2019-10-05 19:09:37","1","22","<machine-learning>","0",""
"61316","1","Question","2019-10-05 19:31:24","1","24","<machine-learning><classification><object-detection><object-recognition>","1",""
"61323","1","Question","2019-10-06 02:34:05","0","852","<classification><scikit-learn><pipelines>","1",""
"61324","1","Question","2019-10-06 03:03:02","0","362","<python><keras><cnn><heatmap>","0",""
"61331","1","Question","2019-10-06 11:42:59","0","287","<keras><tensorflow>","0",""
"61333","1","Question","2019-10-06 13:20:52","0","26","<machine-learning><machine-learning-model><ensemble-modeling><boosting><ensemble-learning>","1",""
"47793","1","Question","2019-03-22 14:05:47","1","47","<neural-network><dataset><image-classification><data-formats>","0",""
"47795","1","Question","2019-03-22 14:34:17","2","1496","<deep-learning><keras><tensorflow><batch-normalization>","1",""
"47797","1","Question","2019-03-22 15:40:52","9","10322","<python><deep-learning><cnn><cross-validation>","2","6"
"47804","1","Question","2019-03-22 17:12:33","1","128","<machine-learning><classification><xgboost><performance>","0",""
"47805","1","Question","2019-03-22 17:12:58","1","134","<deep-learning><tensorflow>","0",""
"47806","1","Question","2019-03-22 17:16:10","0","72","<machine-learning><predictive-modeling><statistics>","1","1"
"47807","1","Question","2019-03-22 17:25:58","1","23","<deep-learning><cnn>","0","1"
"47809","1","Question","2019-03-22 19:02:49","1","550","<deep-learning><keras><lstm>","1","0"
"47814","1","Question","2019-03-22 22:39:00","1","22","<machine-learning><scikit-learn><svm>","1",""
"47815","1","Question","2019-03-22 23:48:04","2","1622","<keras><gpu><nvidia>","1","2"
"47817","1","Question","2019-03-23 00:43:54","2","38","<deep-learning><nlp><language-model><text-generation><transformer>","0",""
"47820","1","Question","2019-03-23 03:04:23","1","279","<deep-learning><faster-rcnn>","2",""
"47824","1","Question","2019-03-23 06:26:56","5","459","<deep-learning><recommender-system>","1","4"
"47825","1","Question","2019-03-23 06:38:25","1","1041","<machine-learning><scikit-learn><pandas><machine-learning-model><data-science-model>","2",""
"47830","1","Question","2019-03-23 09:17:34","1","1997","<python><matrix>","1",""
"47831","1","Question","2019-03-23 09:24:49","1","1826","<machine-learning><time-series><statistics><feature-selection><correlation>","2",""
"47833","1","Question","2019-03-23 09:45:32","1","92","<machine-learning><classification><object-detection><activity-recognition>","1",""
"47834","1","Question","2019-03-23 10:06:10","1","239","<python><pca><numpy><matrix>","1",""
"47839","1","Question","2019-03-23 11:08:51","1","1661","<machine-learning><neural-network>","2",""
"47842","1","Question","2019-03-23 11:57:29","3","1526","<python><k-means>","1","1"
"47845","1","Question","2019-03-23 13:10:47","2","35","<accuracy><semi-supervised-learning>","1",""
"47850","1","Question","2019-03-23 16:15:43","3","680","<classification><data-mining><naive-bayes-classifier>","2",""
"47851","1","Question","2019-03-23 16:16:49","0","142","<deep-learning><transfer-learning>","2",""
"47852","1","Question","2019-03-23 16:45:32","1","4295","<visualization><decision-trees>","2",""
"47854","1","Question","2019-03-23 17:58:35","3","481","<data-science-model><career>","3","6"
"47861","1","Question","2019-03-23 20:41:10","5","860","<dataset><visualization><matlab><plotting>","2","2"
"47862","1","Question","2019-03-23 21:18:18","1","709","<machine-learning><feature-extraction><tfidf>","3",""
"47870","1","Question","2019-03-24 00:50:55","3","261","<cnn><backpropagation>","2","1"
"47875","1","Question","2019-03-24 05:18:39","2","8106","<python><deep-learning><keras><optimization><gan>","1","2"
"47876","1","Question","2019-03-24 05:21:32","1","28","<machine-learning><dataset>","1",""
"47885","1","Question","2019-03-24 08:37:24","1","70","<python>","1",""
"47889","1","Question","2019-03-24 10:39:12","1","2072","<python><clustering>","2",""
"47892","1","Question","2019-03-24 12:06:34","1","75","<machine-learning><machine-learning-model>","0",""
"47893","1","Question","2019-03-24 12:23:35","3","39","<machine-learning><xgboost>","1","1"
"47895","1","Question","2019-03-24 12:47:12","5","5123","<machine-learning><deep-learning><keras><cnn><image-recognition>","1","1"
"47896","1","Question","2019-03-24 13:12:39","0","215","<python><jupyter><anaconda>","1",""
"47897","1","Question","2019-03-24 14:42:41","1","397","<policy-gradients><actor-critic>","1",""
"61346","1","Question","2019-10-06 19:19:33","2","2029","<scikit-learn><pca><dimensionality-reduction>","1",""
"61348","1","Question","2019-10-06 20:24:27","2","283","<python><tensorflow>","1","1"
"61349","1","Question","2019-10-06 20:45:53","0","32","<machine-learning><dataset><correlation><data-analysis>","1",""
"61356","1","Question","2019-10-07 05:05:39","0","60","<data-mining><data><preprocessing><geospatial>","0",""
"61358","1","Question","2019-10-07 05:23:59","3","1482","<deep-learning><lstm><rnn><activation-function>","2",""
"61360","1","Question","2019-10-07 06:04:34","1","248","<keras><tensorflow><loss-function>","1",""
"61362","1","Question","2019-10-07 06:29:26","1","79","<ensemble-modeling><ensemble-learning>","2",""
"61374","1","Question","2019-10-07 10:53:53","0","443","<keras><gan>","0",""
"61377","1","Question","2019-10-07 11:45:08","1","26","<machine-learning><neural-network><linear-regression><decision-trees><ai>","0",""
"61381","1","Question","2019-10-07 12:34:02","1","76","<cnn><pytorch>","1","1"
"61382","1","Question","2019-10-07 12:35:47","1","24","<decision-trees>","0",""
"61387","1","Question","2019-10-07 15:47:53","0","19","<pca><dimensionality-reduction><tsne>","0",""
"61391","1","Question","2019-10-07 17:36:27","2","34","<python><neural-network><prediction><ensemble-learning>","1","1"
"61395","1","Question","2019-10-07 19:10:29","5","1020","<features><lightgbm><predictor-importance><shap>","2","3"
"61396","1","Question","2019-10-07 19:16:39","1","68","<neural-network><keras><multiclass-classification><unsupervised-learning><multilabel-classification>","1","1"
"61397","1","Question","2019-10-07 20:18:05","4","107","<machine-learning>","2","1"
"61398","1","Question","2019-10-07 20:30:13","3","2663","<nlp><tfidf>","3",""
"61402","1","Question","2019-10-08 00:06:45","1","41","<apache-spark>","0",""
"61404","1","Question","2019-10-08 01:32:59","1","19","<nlp><derivation>","1","1"
"61407","1","Question","2019-10-08 03:39:49","5","187","<machine-learning><time-series><clustering><k-means><unsupervised-learning>","3",""
"61408","1","Question","2019-10-08 04:13:37","0","23","<pandas><methods>","1",""
"61412","1","Question","2019-10-08 07:31:05","1","245","<python><keras><time-series>","1",""
"61417","1","Question","2019-10-08 09:43:28","4","334","<python><scikit-learn><seaborn>","2","1"
"61418","1","Question","2019-10-08 09:47:51","3","3067","<random-forest>","3",""
"61419","1","Question","2019-10-08 09:49:16","1","46","<neural-network><unsupervised-learning>","1","1"
"61421","1","Question","2019-10-08 10:42:21","1","27","<python><prediction><arima>","1",""
"61427","1","Question","2019-10-08 11:48:00","1","448","<machine-learning><dataset><cnn><svm><cross-validation>","1",""
"61428","1","Question","2019-10-08 12:12:26","1","184","<python><classification><time-series><pandas><churn>","1","0"
"61433","1","Question","2019-10-08 13:40:01","1","163","<python><deep-learning><tensorflow>","1",""
"61434","1","Question","2019-10-08 13:50:15","0","29","<neural-network><keras>","1",""
"61440","1","Question","2019-10-08 15:45:18","2","1134","<classification><scikit-learn><decision-trees><multiclass-classification><class-imbalance>","2",""
"61441","1","Question","2019-10-08 16:17:38","0","81","<python><neural-network><cross-validation><correlation><ensemble-modeling>","2",""
"61445","1","Question","2019-10-08 16:58:29","2","126","<neural-network><perceptron><terminology><mlp>","1",""
"61446","1","Question","2019-10-08 16:59:01","0","16","<statistics>","1",""
"61447","1","Question","2019-10-08 17:05:50","0","250","<bert>","1",""
"61455","1","Question","2019-10-08 19:41:36","1","30","<cnn><object-detection><image-preprocessing>","0","1"
"47899","1","Question","2019-03-24 14:49:24","3","51","<r><time-series><clustering>","1",""
"47900","1","Question","2019-03-24 15:21:21","1","13","<machine-learning><regression><ensemble-modeling><ensemble-learning>","0","1"
"47903","1","Question","2019-03-24 16:16:52","1","69","<machine-learning><lstm>","0","1"
"47906","1","Question","2019-03-24 17:21:20","1","103","<deep-learning><autoencoder>","1","1"
"47907","1","Question","2019-03-24 17:51:40","1","1288","<python><keras><tensorflow><numpy>","0",""
"47908","1","Question","2019-03-24 18:43:55","1","307","<classification><cross-validation><matlab><plotting>","0",""
"47912","1","Question","2019-03-24 22:34:49","1","86","<python><java><probability-calibration>","1","0"
"47913","1","Question","2019-03-24 23:40:35","1","65","<python><scikit-learn><dimensionality-reduction>","0",""
"47914","1","Question","2019-03-24 23:45:40","2","154","<machine-learning><classification><r><classifier>","1","1"
"47919","1","Question","2019-03-25 04:02:06","3","2968","<svm>","1","2"
"47921","1","Question","2019-03-25 05:52:58","1","1976","<neural-network><deep-learning><computer-vision>","1","1"
"47922","1","Question","2019-03-25 05:58:31","1","11","<reinforcement-learning>","0",""
"47923","1","Question","2019-03-25 06:59:35","3","165","<deep-learning><reinforcement-learning><deepmind>","1",""
"47927","1","Question","2019-03-25 08:45:27","1","716","<machine-learning><classification><correlation>","0","1"
"47928","1","Question","2019-03-25 09:00:25","1","273","<mnist>","0",""
"47929","1","Question","2019-03-25 09:22:18","2","101","<feature-engineering><categorical-data><aggregation><dummy-variables>","0","3"
"47930","1","Question","2019-03-25 09:34:52","1","47","<machine-learning><classification><regression><predictive-modeling>","1","1"
"47933","1","Question","2019-03-25 09:55:17","1","96","<machine-learning><python><predictive-modeling><supervised-learning>","1","1"
"47934","1","Question","2019-03-25 09:58:35","3","876","<machine-learning><python><scikit-learn><predictive-modeling><decision-trees>","1","1"
"47938","1","Question","2019-03-25 12:26:39","1","61","<machine-learning><learning>","2",""
"47940","1","Question","2019-03-25 13:33:39","1","1104","<classification><decision-trees><cross-validation>","1","4"
"47941","1","Question","2019-03-25 13:41:46","1","1268","<nlp><data><labels>","1","1"
"47943","1","Question","2019-03-25 13:45:17","1","22","<bigdata><preprocessing>","0",""
"47951","1","Question","2019-03-25 15:10:16","1","141","<data><pca><dimensionality-reduction>","1",""
"47953","1","Question","2019-03-25 15:32:03","1","694","<python><pandas><dataframe>","2",""
"47954","1","Question","2019-03-25 15:35:31","4","915","<machine-learning><xgboost><supervised-learning><hyperparameter-tuning><gbm>","1","3"
"47955","1","Question","2019-03-25 16:36:24","3","2908","<scikit-learn><pandas><aws><aws-lambda>","2",""
"47960","1","Question","2019-03-25 17:08:12","2","105","<machine-learning><python><feature-selection><data-imputation>","3","1"
"47961","1","Question","2019-03-25 17:20:31","4","230","<neural-network><keras><r><lstm>","1","1"
"47966","1","Question","2019-03-25 18:21:12","1","5257","<deep-learning><cnn><training><overfitting><transfer-learning>","3","1"
"47969","1","Question","2019-03-25 18:42:24","0","1381","<machine-learning><deep-learning><lstm><rnn><machine-learning-model>","1",""
"47971","1","Question","2019-03-25 18:55:06","3","1778","<random-forest><decision-trees><boosting>","3","1"
"47973","1","Question","2019-03-25 20:33:12","7","188","<machine-learning><scikit-learn><nlp><pandas>","3",""
"47984","1","Question","2019-03-26 00:47:33","1","2808","<machine-learning><unsupervised-learning><density-estimation>","1",""
"47987","1","Question","2019-03-26 03:24:57","1","376","<machine-learning><regression><gradient-descent>","3",""
"47990","1","Question","2019-03-26 04:29:06","2","546","<machine-learning><classification><ensemble>","2","5"
"47992","1","Question","2019-03-26 05:11:23","1","133","<neural-network><cnn><convolution><pytorch><neural-style-transfer>","0",""
"61461","1","Question","2019-10-09 00:37:29","2","419","<time-series><variance>","2",""
"61466","1","Question","2019-10-09 05:31:57","2","2707","<definitions>","2","1"
"61467","1","Question","2019-10-09 05:42:32","0","2385","<keras><training><cross-validation><prediction>","1",""
"61470","1","Question","2019-10-09 07:12:02","1","480","<machine-learning><python><pandas><numpy>","1",""
"61473","1","Question","2019-10-09 07:51:29","0","28","<linear-regression><forecasting><forecast>","2",""
"61483","1","Question","2019-10-09 11:39:37","1","2985","<python><multiclass-classification><score>","1",""
"61485","1","Question","2019-10-09 12:19:35","0","30","<python><probability><scipy>","1",""
"61486","1","Question","2019-10-09 12:24:50","1","59","<gridsearchcv>","1",""
"61487","1","Question","2019-10-09 12:45:59","1","105","<machine-learning><hyperparameter-tuning>","0",""
"61489","1","Question","2019-10-09 13:04:10","1","259","<machine-learning><time-series><machine-learning-model><data-science-model><forecasting>","1",""
"61490","1","Question","2019-10-09 13:08:50","3","71","<machine-learning><classification><image-segmentation>","2","2"
"61491","1","Question","2019-10-09 13:47:18","2","1362","<nlp><word-embeddings><embeddings>","3",""
"61493","1","Question","2019-10-09 14:00:44","1","94","<recommender-system>","1",""
"61501","1","Question","2019-10-09 14:55:40","1","3723","<machine-learning><xgboost><gradient-descent>","2","4"
"61503","1","Question","2019-10-09 15:21:46","1","20","<machine-learning><python>","0",""
"61506","1","Question","2019-10-09 15:46:11","1","36","<word-embeddings><bias>","1","1"
"61508","1","Question","2019-10-09 16:11:19","1","40","<predictive-modeling><statistics><data-cleaning><prediction><preprocessing>","0",""
"61510","1","Question","2019-10-09 17:01:24","1","516","<seaborn><scipy>","0",""
"61513","1","Question","2019-10-09 17:46:50","1","91","<linear-regression><numpy>","1",""
"61530","1","Question","2019-10-09 22:24:55","3","429","<grid-search><ensemble>","1",""
"61533","1","Question","2019-10-10 02:56:59","2","93","<neural-network><perceptron><terminology><mlp>","3",""
"61536","1","Question","2019-10-10 05:58:58","2","251","<machine-learning><neural-network><reinforcement-learning><dqn>","1",""
"61540","1","Question","2019-10-10 06:51:08","0","34","<machine-learning><classifier>","1",""
"61544","1","Question","2019-10-10 08:28:22","0","43","<machine-learning><dataset>","1",""
"61546","1","Question","2019-10-10 09:06:55","1","421","<machine-learning><python><deep-learning><keras><convolutional-neural-network>","1",""
"61548","1","Question","2019-10-10 10:20:44","1","149","<python><scikit-learn><pandas><linear-regression>","3",""
"61549","1","Question","2019-10-10 10:21:42","2","3892","<python><classification><scikit-learn><class-imbalance><imbalanced-learn>","3","3"
"61551","1","Question","2019-10-10 11:21:04","0","92","<keras>","1",""
"61552","1","Question","2019-10-10 11:54:41","2","1286","<linear-regression>","1","2"
"61557","1","Question","2019-10-10 12:49:12","1","5535","<python><deep-learning><tensorflow><data-science-model>","1",""
"48000","1","Question","2019-03-26 06:45:39","3","538","<classification><svm><matlab><hyperparameter><hyperparameter-tuning>","2",""
"48003","1","Question","2019-03-26 07:58:15","1","90","<python><tensorflow>","0",""
"48004","1","Question","2019-03-26 08:24:38","1","56","<machine-learning><data-cleaning><machine-learning-model>","1",""
"48005","1","Question","2019-03-26 08:39:57","0","794","<deep-learning><gan><nlp><text-generation><transformer>","1",""
"48008","1","Question","2019-03-26 09:52:31","1","872","<python><keras><dataset><csv><serialisation>","3",""
"48012","1","Question","2019-03-26 10:49:15","1","159","<lstm><finance>","2",""
"48022","1","Question","2019-03-26 11:59:55","1","62","<machine-learning><python><nlp>","0",""
"48024","1","Question","2019-03-26 12:41:01","1","90","<machine-learning><nlp>","1",""
"48026","1","Question","2019-03-26 13:52:40","3","2530","<machine-learning><data>","3","2"
"48030","1","Question","2019-03-26 14:24:33","2","1436","<deep-learning><lstm><rnn><dropout>","1",""
"48034","1","Question","2019-03-26 14:57:18","1","40","<classification><regression><anomaly-detection><ensemble-learning>","0",""
"48035","1","Question","2019-03-26 14:57:22","5","35318","<python><matplotlib><seaborn>","2","6"
"48036","1","Question","2019-03-26 14:58:32","1","29","<machine-learning><feature-engineering><data-science-model>","1",""
"48037","1","Question","2019-03-26 14:59:27","1","268","<python><cnn>","0",""
"48041","1","Question","2019-03-26 16:02:33","1","79","<predictive-modeling><feature-selection><azure-ml>","1","1"
"48046","1","Question","2019-03-26 16:45:15","1","46","<python><deep-learning>","0",""
"48049","1","Question","2019-03-26 17:18:06","8","104576","<python><dataframe><csv><data-formats>","2","2"
"48052","1","Question","2019-03-26 19:35:11","2","379","<k-means><overfitting>","0",""
"48054","1","Question","2019-03-26 21:02:22","1","71","<machine-learning><bigdata>","1",""
"48055","1","Question","2019-03-26 21:31:44","4","1665","<neural-network><deep-learning><lstm><loss-function><overfitting>","1","1"
"48056","1","Question","2019-03-26 22:07:29","1","161","<orange><orange3>","1","1"
"48064","1","Question","2019-03-27 06:34:13","-1","50","<data-science-model>","1",""
"48066","1","Question","2019-03-27 07:40:48","2","1132","<classification><logistic-regression><distribution>","1","1"
"48069","1","Question","2019-03-27 08:24:09","2","17","<dataset><image-classification><activity-recognition>","0","1"
"48070","1","Question","2019-03-27 08:24:11","1","86","<r><data>","1",""
"48076","1","Question","2019-03-27 10:09:58","1","21","<backpropagation><rnn>","0",""
"48081","1","Question","2019-03-27 13:15:21","4","965","<machine-learning><classification><vc-theory>","1",""
"48086","1","Question","2019-03-27 13:52:52","2","114","<machine-learning><deep-learning><audio-recognition>","4","0"
"48093","1","Question","2019-03-27 15:06:43","1","73","<tensorflow><dataset>","0",""
"48095","1","Question","2019-03-27 16:00:43","1","239","<machine-learning><cross-validation>","1",""
"48097","1","Question","2019-03-27 16:39:07","1","3414","<time-series><feature-extraction>","1","1"
"48098","1","Question","2019-03-27 16:43:04","1","846","<image-preprocessing>","2",""
"48100","1","Question","2019-03-27 16:54:59","5","8669","<nlp><word-embeddings><bert>","0",""
"48103","1","Question","2019-03-27 18:58:33","7","876","<machine-learning><pca><hyperparameter>","1","2"
"61558","1","Question","2019-10-10 13:21:48","0","500","<nlp><named-entity-recognition><spacy>","2",""
"61561","1","Question","2019-10-10 14:01:33","0","263","<keras><lstm><embeddings>","1",""
"61563","1","Question","2019-10-10 14:36:01","-1","60","<classification><data-mining><correlation><association-rules><pattern-recognition>","3",""
"61564","1","Question","2019-10-10 14:42:19","1","39","<machine-learning><neural-network><classification><nlp>","1",""
"61565","1","Question","2019-10-10 15:00:50","0","1288","<dataframe>","1",""
"61567","1","Question","2019-10-10 15:38:15","0","101","<pca><descriptive-statistics>","3",""
"61569","1","Question","2019-10-10 16:57:56","0","286","<scikit-learn><normalization>","1","1"
"61576","1","Question","2019-10-10 19:21:02","1","181","<python><neural-network><ensemble-modeling><activation-function>","1",""
"61577","1","Question","2019-10-10 20:03:05","0","36","<machine-learning>","1",""
"61579","1","Question","2019-10-10 20:51:41","1","25","<gan><generative-models><mnist>","1",""
"61581","1","Question","2019-10-10 23:16:44","2","285","<machine-learning><nlp><sampling>","0",""
"61584","1","Question","2019-10-11 02:34:35","1","55","<time-series><regression>","2","1"
"61587","1","Question","2019-10-11 07:57:03","3","2295","<deep-learning><tensorflow><object-detection><object-recognition>","1","1"
"61590","1","Question","2019-10-11 08:50:54","2","32","<machine-learning><predictive-modeling><statistics>","0","1"
"61595","1","Question","2019-10-11 11:02:35","0","690","<scikit-learn><cross-validation>","0",""
"61598","1","Question","2019-10-11 12:06:12","2","34","<deep-learning><object-detection>","0",""
"61602","1","Question","2019-10-11 13:20:18","1","109","<python><pandas><feature-selection>","1",""
"61603","1","Question","2019-10-11 13:25:38","7","2091","<keras><word2vec><word-embeddings><gensim><embeddings>","1","3"
"61608","1","Question","2019-10-11 14:55:41","1","143","<python><time-series><predictive-modeling><churn>","1",""
"61613","1","Question","2019-10-11 18:23:26","1","114","<cnn><logistic-regression>","1",""
"61614","1","Question","2019-10-11 18:33:15","1","35","<neural-network><classification><image-classification>","2",""
"61618","1","Question","2019-10-11 20:21:42","3","1249","<openai-gym>","1",""
"61620","1","Question","2019-10-11 20:38:54","3","415","<machine-learning><cross-validation><hyperparameter><hyperparameter-tuning>","1","1"
"61623","1","Question","2019-10-11 22:16:24","1","19","<machine-learning><neural-network>","0",""
"61628","1","Question","2019-10-12 03:50:12","0","27","<neural-network><dataset>","1",""
"61632","1","Question","2019-10-12 07:40:35","1","23","<python><neural-network><deep-learning><time-series><gan>","0",""
"61635","1","Question","2019-10-12 09:30:36","0","49","<machine-learning><neural-network><deep-learning><data-science-model>","2",""
"61637","1","Question","2019-10-12 13:29:25","1","76","<time-series><predictive-modeling>","1",""
"61639","1","Question","2019-10-12 14:13:16","0","1764","<regression><logistic-regression><k-nn><bayes-error>","2",""
"61641","1","Question","2019-10-12 14:22:58","1","243","<lstm><pytorch>","0",""
"61643","1","Question","2019-10-12 14:45:09","0","68","<deep-learning>","1",""
"61650","1","Question","2019-10-12 19:18:53","1","128","<data-cleaning><preprocessing><missing-data><data-analysis><data-imputation>","0","1"
"61656","1","Question","2019-10-13 01:46:53","1","174","<neural-network><cnn><pooling>","1",""
"61657","1","Question","2019-10-13 03:12:07","0","3117","<machine-learning><classification><class-imbalance><sampling><imbalanced-learn>","4",""
"61662","1","Question","2019-10-13 04:47:18","3","305","<machine-learning><nlp>","1",""
"48105","1","Question","2019-03-27 19:34:08","1","67","<linear-regression><linear-algebra>","1",""
"48108","1","Question","2019-03-27 20:29:14","1","112","<machine-learning-model>","1",""
"48109","1","Question","2019-03-27 21:15:15","0","44","<deep-learning><dataset><cnn><image-classification><faster-rcnn>","1",""
"48111","1","Question","2019-03-27 21:53:14","3","391","<classification><scikit-learn><multilabel-classification>","1",""
"48112","1","Question","2019-03-27 21:57:44","1","268","<scikit-learn><dataset><data>","1",""
"48115","1","Question","2019-03-27 23:03:26","1","143","<machine-learning>","0",""
"48120","1","Question","2019-03-28 03:09:08","1","301","<keras><tensorflow><object-detection><object-recognition><yolo>","0",""
"48122","1","Question","2019-03-28 04:37:28","2","63","<machine-learning><neural-network><plotting><matplotlib><historgram>","0",""
"48125","1","Question","2019-03-28 06:20:43","1","996","<deep-learning><text-mining><nlp><named-entity-recognition><mathematics>","1","1"
"48127","1","Question","2019-03-28 06:46:53","1","408","<machine-learning><deep-learning><computer-vision><image-recognition>","2",""
"48130","1","Question","2019-03-28 08:37:08","1","135","<classification><statistics><multilabel-classification>","0",""
"48134","1","Question","2019-03-28 09:58:52","2","1776","<python><keras><regression><loss-function>","2",""
"48137","1","Question","2019-03-28 12:21:08","2","185","<machine-learning><classification><cnn><image-classification><preprocessing>","0",""
"48138","1","Question","2019-03-28 12:58:49","1","216","<tensorflow><lstm>","1","1"
"48139","1","Question","2019-03-28 13:01:18","0","35","<r><dataset><data>","2",""
"48141","1","Question","2019-03-28 13:10:11","3","132","<machine-learning><classification><xgboost>","1",""
"48142","1","Question","2019-03-28 13:21:10","2","143","<machine-learning>","0",""
"48149","1","Question","2019-03-28 14:29:12","2","1052","<machine-learning><scikit-learn><data-cleaning><preprocessing>","1","0"
"48152","1","Question","2019-03-28 15:04:15","1","58","<machine-learning><linear-regression><plotting>","1",""
"48156","1","Question","2019-03-28 16:01:58","0","48","<machine-learning><feature-extraction><feature-engineering>","1",""
"48157","1","Question","2019-03-28 16:10:18","1","103","<clustering><categorical-data>","4",""
"48158","1","Question","2019-03-28 16:54:51","2","214","<tensorflow><pytorch>","0",""
"48159","1","Question","2019-03-28 16:59:06","1","68","<tensorflow><embeddings>","0",""
"48161","1","Question","2019-03-28 17:02:18","0","1587","<scikit-learn><feature-selection>","2",""
"48165","1","Question","2019-03-28 17:46:13","1","41","<neural-network><rnn><nlp><language-model>","0",""
"48166","1","Question","2019-03-28 17:57:50","2","2790","<machine-learning><classification><decision-trees><training><variance>","3",""
"48169","1","Question","2019-03-28 18:35:30","1","470","<classification><naive-bayes-classifier><discriminant-analysis>","1",""
"48172","1","Question","2019-03-28 19:04:13","0","39","<keras><lstm>","1",""
"48175","1","Question","2019-03-28 19:37:36","1","90","<machine-learning><categorical-data><word-embeddings><embeddings>","0","2"
"48177","1","Question","2019-03-28 20:44:47","4","718","<machine-learning><nlp><word2vec><word-embeddings>","1","2"
"48180","1","Question","2019-03-28 21:33:04","1","156","<machine-learning><neural-network><keras><tensorflow>","1",""
"48181","1","Question","2019-03-28 10:53:42","1","27","<machine-learning><tensorflow>","0",""
"48183","1","Question","2019-03-28 22:04:20","2","740","<python><scikit-learn><time-series><feature-selection><random-forest>","4","1"
"48186","1","Question","2019-03-29 01:44:39","1","24","<machine-learning><deep-learning><reinforcement-learning><q-learning><dqn>","0",""
"48189","1","Question","2019-03-29 03:51:00","1","85","<training><computer-vision><multiclass-classification><object-detection>","0",""
"48192","1","Question","2019-03-29 07:25:32","2","336","<deep-learning><nlp><text><data-augmentation><machine-translation>","1",""
"48193","1","Question","2019-03-29 07:27:13","1","70","<deep-learning><keras><time-series><lstm>","0",""
"61666","1","Question","2019-10-13 10:39:28","0","36","<image-classification><k-means>","1",""
"61667","1","Question","2019-10-13 11:18:37","0","104","<logistic-regression><accuracy><k-nn><kaggle><mnist>","1",""
"61669","1","Question","2019-10-13 12:50:08","1","5732","<python><data-mining><data-cleaning><preprocessing><data-science-model>","1","0"
"61671","1","Question","2019-10-13 13:24:11","1","1395","<pytorch>","1",""
"61680","1","Question","2019-10-13 21:27:30","2","438","<python><neural-network><keras><autoencoder><dimensionality-reduction>","1",""
"61682","1","Question","2019-10-13 21:47:05","1","111","<machine-learning><classification><pyspark>","1",""
"61683","1","Question","2019-10-13 22:25:54","0","473","<python><scikit-learn>","1",""
"61684","1","Question","2019-10-13 22:39:41","2","88","<multiclass-classification><distribution><variance><gaussian>","1",""
"61692","1","Question","2019-10-14 06:24:06","4","1579","<word-embeddings><nlp>","2",""
"61696","1","Question","2019-10-14 07:58:08","3","180","<r><multilabel-classification><confusion-matrix>","1","1"
"61697","1","Question","2019-10-14 09:27:58","0","144","<tensorflow><cnn><transfer-learning><vgg16><neural-style-transfer>","1",""
"61703","1","Question","2019-10-14 11:19:39","1","27","<neural-network><perceptron>","1",""
"61706","1","Question","2019-10-14 11:49:31","1","174","<dataset><data><normalization>","1",""
"61707","1","Question","2019-10-14 11:51:21","0","1567","<reinforcement-learning><dqn><policy-gradients><ai>","1",""
"61708","1","Question","2019-10-14 12:39:14","1","629","<machine-learning><python><decision-trees><boosting>","1",""
"61709","1","Question","2019-10-14 12:39:15","0","37","<visualization>","2",""
"61710","1","Question","2019-10-14 12:40:04","1","58","<computer-vision><self-driving>","1",""
"61726","1","Question","2019-10-14 17:13:25","0","83","<nlp><sentiment-analysis><convolutional-neural-network>","2",""
"61727","1","Question","2019-10-14 18:46:05","0","26","<dataset><object-recognition>","1",""
"61728","1","Question","2019-10-14 19:15:58","1","108","<named-entity-recognition><stemming>","2","0"
"61733","1","Question","2019-10-14 21:23:16","1","1484","<machine-learning><classification><data><xgboost><class-imbalance>","2",""
"61736","1","Question","2019-10-14 22:25:17","2","21","<machine-learning><neural-network><generative-models>","0",""
"61743","1","Question","2019-10-15 02:33:36","3","1072","<machine-learning><neural-network><deep-learning><regression><linear-regression>","2",""
"61745","1","Question","2019-10-15 04:41:59","1","45","<classification><normalization><deep-learning>","2",""
"61747","1","Question","2019-10-15 07:14:14","1","1089","<svm><class-imbalance><scoring><gridsearchcv>","2","1"
"61749","1","Question","2019-10-15 08:21:38","0","33","<time-series>","1",""
"61753","1","Question","2019-10-15 09:16:53","1","428","<python><pandas>","0",""
"61755","1","Question","2019-10-15 09:57:44","1","72","<nlp><text-mining><information-retrieval><named-entity-recognition>","1",""
"61758","1","Question","2019-10-15 10:23:52","2","42","<machine-learning><python><classification><cnn>","0",""
"61759","1","Question","2019-10-15 10:24:11","4","558","<neural-network><nlp><ai><chatbot>","1",""
"61761","1","Question","2019-10-15 10:51:42","1","1406","<xgboost><multiclass-classification>","1","1"
"61762","1","Question","2019-10-15 10:54:53","1","536","<deep-learning><keras><tensorflow><cnn><lstm>","1",""
"61767","1","Question","2019-10-15 12:53:35","0","25","<linear-regression><data-science-model><usecase>","1",""
"61771","1","Question","2019-10-15 13:19:59","5","630","<random-forest><xgboost><boosting><variance><bias>","2","1"
"61774","1","Question","2019-10-15 14:29:59","1","104","<regression><preprocessing><normalization><feature-scaling>","1","1"
"48197","1","Question","2019-03-29 08:33:59","1","32","<machine-learning><deep-learning><object-detection>","2","1"
"48199","1","Question","2019-03-29 08:46:38","1","62","<deep-learning><speech-to-text>","1",""
"48201","1","Question","2019-03-29 09:13:47","1","108","<machine-learning><python><clustering>","2",""
"48203","1","Question","2019-03-29 09:32:51","0","298","<keras><lstm>","1",""
"48208","1","Question","2019-03-29 10:37:17","1","347","<machine-learning><decision-trees><information-theory>","1","1"
"48211","1","Question","2019-03-29 11:21:18","1","152","<machine-learning><neural-network><deep-learning><keras><lstm>","0",""
"48216","1","Question","2019-03-29 12:28:33","1","1298","<machine-learning><neural-network><deep-learning><cnn><convolution>","2","0"
"48219","1","Question","2019-03-29 14:00:59","1","233","<tensorflow>","0",""
"48222","1","Question","2019-03-29 14:26:47","2","80","<neural-network><training><outlier>","1","1"
"48223","1","Question","2019-03-29 16:40:23","1","85","<machine-learning><neural-network><deep-learning><tensorflow>","1","1"
"48226","1","Question","2019-03-29 17:28:04","1","28","<regression>","0",""
"48228","1","Question","2019-03-29 17:30:33","1","346","<keras>","1",""
"48234","1","Question","2019-03-29 19:18:44","1","140","<machine-learning><data><distance><k-nn>","2",""
"48235","1","Question","2019-03-29 20:53:23","0","54","<machine-learning><data><distance><k-nn>","1",""
"48236","1","Question","2019-03-29 21:07:04","0","1072","<machine-learning><scikit-learn><machine-learning-model>","1",""
"48239","1","Question","2019-03-29 22:21:37","1","104","<machine-learning><data-mining><data><algorithms><association-rules>","0",""
"48242","1","Question","2019-03-30 01:32:37","1","130","<keras>","1",""
"48246","1","Question","2019-03-30 06:11:20","4","9030","<machine-learning><tensorflow><accuracy><metric><f1score>","4","1"
"48250","1","Question","2019-03-30 08:25:31","0","8072","<pandas>","1",""
"48253","1","Question","2019-03-30 09:39:19","0","773","<keras><tensorflow>","1",""
"48255","1","Question","2019-03-30 10:05:14","1","429","<machine-learning><optimization><gradient-descent>","1",""
"48257","1","Question","2019-03-30 11:59:39","2","72","<machine-learning><pac-learning>","1",""
"48262","1","Question","2019-03-30 15:46:21","2","1598","<python><tensorflow><cnn><image-preprocessing>","1",""
"48263","1","Question","2019-03-30 15:47:51","1","94","<machine-learning><neural-network><gradient-descent>","1",""
"48264","1","Question","2019-03-30 16:04:38","2","71","<classification><self-study>","1",""
"48269","1","Question","2019-03-30 17:19:33","4","937","<machine-learning><random-forest><decision-trees>","1","2"
"48270","1","Question","2019-03-30 17:47:13","0","32","<machine-learning><neural-network><classification>","1",""
"48271","1","Question","2019-03-30 18:25:50","0","44","<machine-learning><python><nlp>","0","0"
"48273","1","Question","2019-03-30 19:19:46","2","93","<machine-learning><python><keras><tensorflow>","1",""
"48274","1","Question","2019-03-30 19:42:03","1","471","<word2vec><similarity><nlp><information-retrieval><similar-documents>","0","1"
"48279","1","Question","2019-03-30 22:29:30","1","308","<keras><scikit-learn><mlp>","2",""
"61778","1","Question","2019-10-15 15:15:44","1","964","<machine-learning><python><nlp><regression>","2","2"
"61782","1","Question","2019-10-15 17:07:39","0","52","<python><linear-regression>","1",""
"61783","1","Question","2019-10-15 17:46:22","1","67","<python><nlp><regex>","1",""
"61786","1","Question","2019-10-15 18:13:09","1","12","<optimization><sparsity>","0","1"
"61788","1","Question","2019-10-15 19:38:28","2","93","<machine-learning><neural-network><explainable-ai>","1",""
"61791","1","Question","2019-10-15 20:34:25","0","81","<computer-vision>","1","0"
"61802","1","Question","2019-10-16 06:22:44","0","37","<machine-learning><nlp>","1","2"
"61804","1","Question","2019-10-16 06:35:48","1","79","<backpropagation>","0",""
"61806","1","Question","2019-10-16 07:35:07","0","180","<machine-learning><python>","1",""
"61807","1","Question","2019-10-16 08:14:28","1","157","<keras><image-preprocessing><convolutional-neural-network>","0",""
"61814","1","Question","2019-10-16 10:50:19","0","70","<class-imbalance>","2",""
"61815","1","Question","2019-10-16 11:16:12","1","18","<time-series><clustering><unsupervised-learning>","0","1"
"61819","1","Question","2019-10-16 12:38:08","1","214","<hyperparameter-tuning><weka><grid-search>","2",""
"61821","1","Question","2019-10-16 13:42:46","0","161","<neural-network><keras><regression><grid-search><gridsearchcv>","1",""
"61823","1","Question","2019-10-16 14:10:37","1","32","<classification><keras>","1",""
"61825","1","Question","2019-10-16 14:52:38","7","464","<nlp><bert>","1","6"
"61830","1","Question","2019-10-16 16:51:28","1","18","<dataset><statistics><data>","0",""
"61832","1","Question","2019-10-16 16:59:43","0","234","<deep-learning><keras><tensorflow><autoencoder>","1",""
"61837","1","Question","2019-10-16 19:25:05","2","107","<keras><word-embeddings><similarity>","1",""
"61839","1","Question","2019-10-16 19:29:34","3","35","<machine-learning><python><text-mining>","2",""
"61842","1","Question","2019-10-16 21:50:24","1","34","<image-classification><image-recognition><image-preprocessing>","1",""
"61849","1","Question","2019-10-17 05:32:52","1","127","<neural-network><lstm><rnn><model-selection><language-model>","1",""
"61850","1","Question","2019-10-17 06:46:53","2","636","<python><pandas><numpy>","1",""
"61851","1","Question","2019-10-17 07:04:54","1","20","<machine-learning><neural-network><lstm><geospatial><sensors>","0",""
"61852","1","Question","2019-10-17 07:13:48","1","21","<k-means>","0",""
"61853","1","Question","2019-10-17 07:24:31","2","32","<machine-learning><predictive-modeling><random-forest>","0",""
"61858","1","Question","2019-10-17 08:21:06","6","3298","<data><training><smote>","2","1"
"61861","1","Question","2019-10-17 09:41:31","1","55","<machine-learning><nlp><beginner><named-entity-recognition>","2","1"
"61864","1","Question","2019-10-17 11:16:09","0","75","<python><neural-network><keras><prediction><evaluation>","2",""
"61866","1","Question","2019-10-17 12:12:04","1","41","<machine-learning><cnn><training><object-detection><transfer-learning>","1",""
"61867","1","Question","2019-10-17 12:12:36","0","52","<neural-network><keras><cross-validation><evaluation><hyperparameter>","1",""
"61869","1","Question","2019-10-17 12:22:11","1","41","<machine-learning><classification><gradient-descent>","2",""
"61876","1","Question","2019-10-17 14:40:07","0","61","<missing-data>","1",""
"61878","1","Question","2019-10-17 15:50:06","9","904","<machine-learning><deep-learning><cnn><nlp><programming>","2","1"
"61886","1","Question","2019-10-17 16:58:19","1","116","<text-mining><algorithms><topic-model><lda>","0","1"
"61888","1","Question","2019-10-17 17:54:37","1","114","<machine-learning><scikit-learn><cross-validation>","3",""
"61890","1","Question","2019-10-17 18:08:20","2","718","<machine-learning><random-forest><decision-trees><apache-spark><ensemble-modeling>","2",""
"61899","1","Question","2019-10-17 19:59:18","2","1110","<machine-learning><python><scikit-learn><lightgbm>","1",""
"61900","1","Question","2019-10-17 20:02:15","2","116","<scikit-learn><random-forest>","1","1"
"61903","1","Question","2019-10-17 20:59:28","2","72","<python><databases><project-planning>","1","2"
"61904","1","Question","2019-10-17 21:45:22","1","141","<python><classification><feature-extraction><lda><gensim>","1",""
"48282","1","Question","2019-03-31 02:03:57","1","354","<python><data-mining><cross-validation>","0",""
"48286","1","Question","2019-03-31 05:54:52","1","1002","<classification><clustering><multilabel-classification><labels>","1",""
"48287","1","Question","2019-03-31 10:51:35","1","1256","<python><tensorflow><dataset><annotation>","0",""
"48288","1","Question","2019-03-31 11:33:53","1","457","<apache-hadoop>","0",""
"48289","1","Question","2019-03-31 11:53:14","1","142","<machine-learning><nlp><data-science-model><nltk>","0",""
"48290","1","Question","2019-03-31 12:57:04","2","126","<machine-learning><classification><clustering><statistics>","2",""
"48292","1","Question","2019-03-31 13:46:33","1","101","<dataset><audio-recognition><speech-to-text>","1",""
"48293","1","Question","2019-03-31 14:02:59","3","86","<pandas><data>","1",""
"48294","1","Question","2019-03-31 14:28:26","6","1676","<feature-selection><random-forest><feature-engineering>","3","1"
"48295","1","Question","2019-03-31 14:30:37","1","210","<machine-learning><neural-network><deep-learning>","1",""
"48297","1","Question","2019-03-31 15:03:52","0","72","<machine-learning><bigdata><sampling>","1",""
"48302","1","Question","2019-03-31 16:36:55","1","989","<python><pandas><visualization><dataframe><matplotlib>","1","1"
"48306","1","Question","2019-03-31 18:04:40","1","470","<clustering>","0",""
"48308","1","Question","2019-03-31 18:25:13","0","1534","<machine-learning><python><scikit-learn><numpy><scipy>","1",""
"48309","1","Question","2019-03-31 19:03:41","5","86","<linear-regression>","2",""
"48312","1","Question","2019-03-31 20:08:39","2","40","<machine-learning><svm><theory>","1",""
"48316","1","Question","2019-03-31 21:40:59","4","2070","<python><dataset><data><numpy>","2",""
"48317","1","Question","2019-03-31 22:20:22","2","508","<deep-learning><cnn><transfer-learning>","2",""
"48322","1","Question","2019-04-01 01:23:54","3","702","<reinforcement-learning><q-learning><dqn><convergence><deepmind>","1",""
"48326","1","Question","2019-04-01 04:47:05","0","251","<python><tensorflow><numpy>","1",""
"48328","1","Question","2019-04-01 06:36:16","1","132","<keras><r><cnn>","0",""
"48330","1","Question","2019-04-01 07:01:54","0","4009","<feature-selection><xgboost><feature-engineering>","1",""
"48331","1","Question","2019-04-01 07:50:19","2","94","<machine-learning><python><scikit-learn><regression>","3",""
"48332","1","Question","2019-04-01 08:00:03","2","57","<machine-learning><classification><training><class-imbalance>","2","2"
"48333","1","Question","2019-04-01 08:29:55","0","53","<neural-network>","1",""
"48335","1","Question","2019-04-01 09:22:09","7","22152","<python><pandas>","1",""
"48338","1","Question","2019-04-01 09:43:40","1","449","<python><keras><tensorflow><predictive-modeling><cnn>","1",""
"48341","1","Question","2019-04-01 11:17:57","1","29","<time-series><lstm><rnn><sequence-to-sequence>","0",""
"48344","1","Question","2019-04-01 12:35:30","1","34","<classification><class-imbalance>","0","1"
"48345","1","Question","2019-04-01 12:47:57","1","6404","<numpy><linear-algebra>","1",""
"48346","1","Question","2019-04-01 12:55:24","4","2920","<machine-learning><keras><regression>","2",""
"48353","1","Question","2019-04-01 13:55:55","0","83","<python><nlp><regex>","1",""
"48357","1","Question","2019-04-01 14:34:32","1","354","<deep-learning><loss-function><hinge-loss>","1",""
"48360","1","Question","2019-04-01 14:56:02","1","46","<association-rules><sequential-pattern-mining>","0",""
"48361","1","Question","2019-04-01 15:25:12","2","41","<feature-engineering><feature-construction>","2",""
"48362","1","Question","2019-04-01 16:01:44","1","2426","<dataset>","1",""
"48367","1","Question","2019-04-01 17:08:25","2","80","<deep-learning><class-imbalance>","0","1"
"48369","1","Question","2019-04-01 19:00:04","32","19912","<neural-network><pytorch>","1","11"
"48372","1","Question","2019-04-01 20:06:26","0","58","<machine-learning><data-mining>","1",""
"48378","1","Question","2019-04-01 21:45:43","1","211","<correlation>","2",""
"48379","1","Question","2019-04-01 21:48:30","1","371","<python><nltk><tokenization>","2",""
"48385","1","Question","2019-04-01 23:17:21","-2","824","<python><deep-learning><keras><tensorflow><cnn>","1",""
"48390","1","Question","2019-04-02 00:18:18","3","8342","<machine-learning><python><neural-network><keras><cnn>","3","3"
"48398","1","Question","2019-04-02 02:49:09","1","110","<outlier><isolation-forest>","1",""
"48410","1","Question","2019-04-02 06:51:42","1","206","<deep-learning><time-series><embeddings>","1","1"
"48411","1","Question","2019-04-02 07:13:46","3","173","<recommender-system><mathematics>","1",""
"48412","1","Question","2019-04-02 07:21:42","2","23","<machine-learning><classification><regression>","1",""
"48420","1","Question","2019-04-02 08:29:03","1","625","<pandas>","2",""
"48423","1","Question","2019-04-02 08:54:24","0","3267","<python><pandas><data-analysis>","4",""
"48425","1","Question","2019-04-02 09:11:58","1","613","<orange><databases><orange3>","1",""
"48426","1","Question","2019-04-02 09:57:17","1","231","<nlp><text-mining><word2vec><word-embeddings><gensim>","1",""
"48428","1","Question","2019-04-02 10:47:04","1","145","<machine-learning><python><classification><xgboost>","0",""
"48429","1","Question","2019-04-02 10:57:50","0","101","<machine-learning><python>","1","1"
"48432","1","Question","2019-04-02 11:25:42","10","1239","<multiclass-classification><online-learning>","4","2"
"48438","1","Question","2019-04-02 12:51:08","0","39","<neural-network><deep-learning><nlp><speech-to-text>","1",""
"48439","1","Question","2019-04-02 13:03:50","1","24","<data-mining><nlp>","0",""
"48442","1","Question","2019-04-02 13:24:54","1","491","<deep-learning><keras><r><convolutional-neural-network>","1",""
"48443","1","Question","2019-04-02 13:39:33","1","34","<numerical><monte-carlo>","1",""
"48445","1","Question","2019-04-02 13:54:17","1","114","<machine-learning><r><dummy-variables>","1",""
"48446","1","Question","2019-04-02 14:06:00","2","2320","<machine-learning><nlp><gensim>","1","1"
"48447","1","Question","2019-04-02 14:09:44","1","234","<python><scikit-learn><clustering><k-means>","1",""
"48450","1","Question","2019-04-02 14:43:21","0","659","<machine-learning><neural-network>","3",""
"48457","1","Question","2019-04-02 16:25:37","3","371","<nlp><nltk>","1","1"
"48458","1","Question","2019-04-02 16:29:28","2","84","<neural-network><deep-learning><keras><tensorflow><vgg16>","0","1"
"48459","1","Question","2019-04-02 16:32:16","1","518","<machine-learning><python>","2",""
"48461","1","Question","2019-04-02 17:28:50","1","87","<neural-network><regularization><perceptron>","1",""
"48462","1","Question","2019-04-02 17:40:09","1","122","<machine-learning><time-series><forecasting>","0",""
"48467","1","Question","2019-04-02 19:38:15","0","489","<machine-learning><xgboost>","2","1"
"48468","1","Question","2019-04-02 20:00:53","1","24","<machine-learning><recommender-system><apache-spark><embeddings><matrix-factorisation>","1",""
"48473","1","Question","2019-04-02 21:58:04","2","1318","<python><k-means><unsupervised-learning>","2",""
"48474","1","Question","2019-04-02 22:07:57","1","419","<neural-network><data-mining><orange><orange3>","0",""
"48475","1","Question","2019-04-02 23:02:33","3","128","<machine-learning><deep-learning><object-detection>","1",""
"48477","1","Question","2019-04-03 01:15:38","2","720","<cnn><object-detection><faster-rcnn>","0","1"
"48479","1","Question","2019-04-03 02:28:31","1","73","<machine-learning><scikit-learn><predictive-modeling><pandas>","2",""
"48481","1","Question","2019-04-03 03:18:33","1","26","<machine-learning><deep-learning><computer-vision>","1",""
"48482","1","Question","2019-04-03 04:29:39","1","1047","<loss-function>","1",""
"48486","1","Question","2019-04-03 05:19:26","2","354","<machine-learning><regression><supervised-learning><model-selection>","0",""
"48488","1","Question","2019-04-03 05:56:12","2","133","<time-series><training><machine-learning-model><forecasting>","1",""
"48489","1","Question","2019-04-03 06:01:23","1","50","<machine-learning><classification><numpy><gpu>","1",""
"48501","1","Question","2019-04-03 09:11:20","1","110","<keras><tensorflow><gpu>","0",""
"48512","1","Question","2019-04-03 11:12:46","0","28","<machine-learning><r><cloud-computing>","1",""
"48514","1","Question","2019-04-03 12:08:47","2","433","<machine-learning><python><statistics><distribution>","0","1"
"48515","1","Question","2019-04-03 12:27:58","3","6098","<machine-learning><neural-network><keras>","1",""
"48525","1","Question","2019-04-03 13:36:49","4","215","<cross-validation><multiclass-classification><prediction>","1","1"
"48526","1","Question","2019-04-03 13:41:05","1","128","<r><csv>","1",""
"48529","1","Question","2019-04-03 14:42:28","2","424","<machine-learning><neural-network><deep-learning><data-augmentation><image-preprocessing>","1",""
"48531","1","Question","2019-04-03 15:16:24","45","7905","<data-wrangling>","9","17"
"48533","1","Question","2019-04-03 15:39:26","1","3676","<machine-learning><neural-network><anomaly-detection><autoencoder>","1",""
"48534","1","Question","2019-04-03 15:41:55","0","1257","<machine-learning><python><scikit-learn><decision-trees>","1",""
"48535","1","Question","2019-04-03 15:47:41","3","613","<machine-learning><classification><class-imbalance>","2",""
"48537","1","Question","2019-04-03 15:56:12","4","479","<deep-learning><tensorflow><jupyter>","1",""
"48543","1","Question","2019-04-03 17:06:38","1","45","<machine-learning><implementation><lasso>","0",""
"61905","1","Question","2019-10-17 23:09:26","1","79","<neural-network><deep-learning><keras><tensorflow><audio-recognition>","1","2"
"61920","1","Question","2019-10-18 09:30:18","3","294","<machine-learning><predictive-modeling><unsupervised-learning><supervised-learning>","2",""
"61924","1","Question","2019-10-18 12:11:27","0","38","<python>","1",""
"61934","1","Question","2019-10-18 16:14:18","1","402","<anomaly-detection><outlier><explainable-ai>","2",""
"61937","1","Question","2019-10-18 17:13:54","0","69","<probability><vae>","2",""
"61938","1","Question","2019-10-18 17:48:54","1","28","<python><deep-learning><keras><lstm><sequence-to-sequence>","0",""
"61944","1","Question","2019-10-18 19:17:05","0","202","<python><pandas><missing-data>","1",""
"61947","1","Question","2019-10-18 22:11:46","1","507","<machine-learning><python><data-augmentation><neural>","1",""
"61949","1","Question","2019-10-19 03:21:49","2","42","<python><pandas><dataframe>","0",""
"61954","1","Question","2019-10-19 09:06:26","1","618","<transformer>","1",""
"61957","1","Question","2019-10-19 11:39:35","3","574","<machine-learning><random-forest><feature-engineering>","1",""
"61961","1","Question","2019-10-19 15:42:54","0","87","<machine-learning><python><r><data-cleaning><excel>","3",""
"61964","1","Question","2019-10-19 16:56:33","-1","2714","<python><pandas><dataframe>","1",""
"61969","1","Question","2019-10-19 23:31:54","0","1139","<neural-network><deep-learning><keras>","0",""
"61972","1","Question","2019-10-20 02:23:21","2","42","<neural-network><backpropagation>","1",""
"61975","1","Question","2019-10-20 03:23:59","1","51","<scikit-learn><pandas><feature-extraction>","0",""
"61976","1","Question","2019-10-20 04:36:06","2","246","<logistic-regression><mathematics>","1","2"
"61982","1","Question","2019-10-20 09:51:40","0","462","<keras><regression><multi-output><functional-api>","1",""
"61988","1","Question","2019-10-20 11:17:25","0","31","<gan><generative-models>","1",""
"61991","1","Question","2019-10-20 13:33:13","0","111","<regression><feature-engineering><prediction>","1",""
"61993","1","Question","2019-10-20 14:16:06","1","338","<machine-learning><statistics><variance>","2",""
"61998","1","Question","2019-10-20 16:03:31","0","37","<deep-learning><keras><tensorflow><lstm>","1",""
"62000","1","Question","2019-10-20 17:49:44","1","100","<python><keras><tensorflow><lstm><rnn>","1",""
"62002","1","Question","2019-10-20 17:51:26","2","147","<python><scikit-learn><feature-extraction>","1",""
"62005","1","Question","2019-10-20 18:58:18","1","1077","<nlp><word-embeddings><stanford-nlp>","1",""
"62006","1","Question","2019-10-20 20:17:20","1","74","<machine-learning><python>","1",""
"62009","1","Question","2019-10-21 02:05:49","2","178","<neural-network><deep-learning>","0",""
"62012","1","Question","2019-10-21 06:33:19","1","147","<classification><learning>","0",""
"62014","1","Question","2019-10-21 07:28:24","0","22","<machine-learning><neural-network><deep-learning><classification>","0",""
"62016","1","Question","2019-10-21 08:17:44","0","47","<nlp><corpus><wikipedia>","0",""
"62026","1","Question","2019-10-21 12:43:31","1","79","<machine-learning><statistics><cross-validation>","2",""
"62031","1","Question","2019-10-21 13:06:32","0","1496","<statistics><random-forest><matrix>","1",""
"62033","1","Question","2019-10-21 14:04:25","1","80","<machine-learning><neural-network><classification><nlp>","1",""
"62035","1","Question","2019-10-21 14:33:17","2","128","<lstm><reinforcement-learning>","1",""
"62036","1","Question","2019-10-21 15:02:28","0","1059","<python><time-series>","2",""
"62037","1","Question","2019-10-21 15:38:14","1","60","<deep-learning><nlp><machine-translation><bert><neural-style-transfer>","0",""
"62038","1","Question","2019-10-21 15:51:20","0","33","<logistic-regression><missing-data>","0",""
"62039","1","Question","2019-10-21 16:03:58","1","13","<nlp><data-cleaning><twitter>","0",""
"62041","1","Question","2019-10-21 16:29:21","3","92","<training><data-science-model><annotation>","1","2"
"62046","1","Question","2019-10-21 16:54:20","2","48","<text-mining><lda>","0","0"
"62047","1","Question","2019-10-21 17:25:46","2","47","<classification><class-imbalance>","2",""
"62057","1","Question","2019-10-21 21:30:43","1","76","<statistics><ab-test>","3","2"
"62058","1","Question","2019-10-21 21:46:14","1","47","<nlp><dataset><stanford-nlp>","1","1"
"62062","1","Question","2019-10-22 04:12:55","1","15","<predictive-modeling><cnn><machine-learning-model>","0",""
"62063","1","Question","2019-10-22 04:59:52","1","42","<r><clustering>","1",""
"62066","1","Question","2019-10-22 08:18:37","1","19","<classification><multilabel-classification><weight-initialization>","1",""
"62067","1","Question","2019-10-22 08:41:44","1","730","<python><keras><object-detection><jupyter><pickle>","2",""
"62071","1","Question","2019-10-22 11:23:36","2","17","<machine-learning><scikit-learn><time-series><unsupervised-learning><anomaly-detection>","0","1"
"62080","1","Question","2019-10-22 14:10:27","0","100","<geospatial>","1",""
"62086","1","Question","2019-10-22 15:35:49","1","1091","<python><deep-learning><keras><lstm><multilabel-classification>","1",""
"62087","1","Question","2019-10-22 15:52:25","0","133","<machine-learning><time-series><clustering><unsupervised-learning>","1",""
"48548","1","Question","2019-04-03 18:56:42","5","2407","<machine-learning><self-study><books><ai>","3","2"
"48551","1","Question","2019-04-03 19:53:49","2","1740","<python><neural-network><deep-learning><keras><tensorflow>","1",""
"48553","1","Question","2019-04-03 20:46:30","2","381","<machine-learning><python><pandas><statistics><visualization>","1","1"
"48560","1","Question","2019-04-04 01:40:04","1","1537","<decision-trees>","1","1"
"48562","1","Question","2019-04-04 02:38:45","0","2738","<machine-learning><feature-engineering>","2",""
"48565","1","Question","2019-04-04 03:11:03","2","17","<machine-learning><keras>","1",""
"48566","1","Question","2019-04-04 04:10:28","0","478","<machine-learning><neural-network><deep-learning><cnn>","2",""
"48569","1","Question","2019-04-04 05:16:54","2","783","<lstm><pytorch><convergence>","0","0"
"48571","1","Question","2019-04-04 05:31:23","4","1346","<cnn><opencv><image-preprocessing>","2",""
"48575","1","Question","2019-04-04 06:27:53","1","515","<nlp><preprocessing>","1",""
"48584","1","Question","2019-04-04 08:37:09","3","2124","<neural-network><deep-learning><transfer-learning><vgg16>","3",""
"48585","1","Question","2019-04-04 08:42:17","1","2621","<time-series><similarity><distance>","1",""
"48589","1","Question","2019-04-04 09:25:50","0","198","<neural-network><nlp><speech-to-text>","2",""
"48592","1","Question","2019-04-04 09:37:38","6","417","<machine-learning><python><classification>","1","1"
"48602","1","Question","2019-04-04 10:28:04","1","139","<machine-learning><statistics><self-study><mathematics>","1","3"
"48606","1","Question","2019-04-04 12:22:01","2","186","<r><scraping>","1",""
"48609","1","Question","2019-04-04 13:14:27","3","361","<r><data>","2",""
"48615","1","Question","2019-04-04 15:32:30","0","41","<python><classifier>","2",""
"48621","1","Question","2019-04-04 15:47:22","1","280","<machine-learning><dataset><missing-data>","2",""
"48624","1","Question","2019-04-04 16:39:48","1","3752","<classification><tensorflow><svm>","1","1"
"48629","1","Question","2019-04-04 19:17:30","1","91","<r><time-series><forecasting>","2","1"
"48633","1","Question","2019-04-04 20:09:55","3","53","<neural-network><classification><keras><image-classification><preprocessing>","1",""
"48640","1","Question","2019-04-04 23:47:22","2","92","<deep-learning><lstm><rnn><named-entity-recognition><sequence-to-sequence>","1","1"
"48642","1","Question","2019-04-05 00:36:49","7","17670","<machine-learning><k-means><similarity><image>","1","5"
"48643","1","Question","2019-04-05 01:10:33","1","24","<machine-learning><k-means>","1",""
"48645","1","Question","2019-04-05 03:24:06","3","109","<machine-learning><computer-vision>","3",""
"48653","1","Question","2019-04-05 05:44:50","3","98","<machine-learning><time-series>","2","2"
"62096","1","Question","2019-10-22 19:01:03","1","114","<tensorflow><nlp><word-embeddings>","1",""
"62101","1","Question","2019-10-22 20:36:42","4","335","<xgboost>","2",""
"62103","1","Question","2019-10-22 23:52:38","5","135","<pca>","1","1"
"62104","1","Question","2019-10-23 00:11:37","1","4051","<python>","1",""
"62108","1","Question","2019-10-23 04:57:51","0","72","<cnn><gensim><cosine-distance><siamese-networks><semantic-similarity>","1",""
"62112","1","Question","2019-10-23 06:24:50","1","987","<machine-learning><nlp><algorithms><k-nn>","1","1"
"62114","1","Question","2019-10-23 08:30:43","1","276","<machine-learning><neural-network><deep-learning><cnn>","1",""
"62121","1","Question","2019-10-23 09:57:45","0","37","<neural-network><classification><pca>","1",""
"62123","1","Question","2019-10-23 10:48:06","0","38","<deep-learning><classification><keras><predictive-modeling><ensemble-modeling>","1",""
"62126","1","Question","2019-10-23 12:39:58","1","21","<data-science-model><data-analysis><monte-carlo>","0",""
"62127","1","Question","2019-10-23 13:44:00","0","76","<time-series><collinearity>","1",""
"62128","1","Question","2019-10-23 14:20:04","0","1427","<python><plotting><seaborn>","0",""
"62131","1","Question","2019-10-23 15:19:29","0","673","<machine-learning><python>","2",""
"62132","1","Question","2019-10-23 15:46:07","1","857","<machine-learning>","2",""
"62136","1","Question","2019-10-23 16:59:40","1","50","<clustering><pandas><numpy>","0",""
"62141","1","Question","2019-10-23 22:34:24","2","408","<machine-learning><reinforcement-learning>","1",""
"62143","1","Question","2019-10-23 23:30:00","4","421","<scikit-learn><recommender-system><information-retrieval><tfidf><similar-documents>","1",""
"62144","1","Question","2019-10-23 23:40:54","7","1943","<machine-learning><python><data><data-cleaning><anonymization>","2","3"
"62147","1","Question","2019-10-24 01:15:45","1","80","<model-selection><gridsearchcv>","1","0"
"62151","1","Question","2019-10-24 05:21:01","0","42","<decision-trees>","0","1"
"62160","1","Question","2019-10-24 11:18:56","1","22","<machine-learning><predictive-modeling><statistics><transfer-learning>","0",""
"62161","1","Question","2019-10-24 11:51:14","0","104","<machine-learning><nlp><json>","1",""
"62162","1","Question","2019-10-24 12:01:39","1","897","<python><pandas><data><information-retrieval>","0",""
"62164","1","Question","2019-10-24 12:27:09","1","64","<neural-network><keras>","2",""
"62165","1","Question","2019-10-24 13:23:41","1","43","<data><data-formats>","1",""
"62167","1","Question","2019-10-24 13:40:44","1","73","<reinforcement-learning>","2",""
"62171","1","Question","2019-10-24 16:04:08","1","1796","<scikit-learn><random-forest>","2",""
"62173","1","Question","2019-10-24 16:16:26","1","86","<apache-spark><graphs><social-network-analysis>","0",""
"62178","1","Question","2019-10-24 17:30:35","1","2089","<python><dataset><pandas>","1",""
"62182","1","Question","2019-10-24 17:55:56","1","229","<scikit-learn>","2","1"
"62184","1","Question","2019-10-24 18:32:09","2","581","<python><time-series><regression><forecasting>","1","1"
"62187","1","Question","2019-10-24 19:36:39","1","21","<categorical-data><web-scraping>","1",""
"62188","1","Question","2019-10-24 19:54:37","1","924","<machine-learning><python><statistics><simulation>","1","1"
"62192","1","Question","2019-10-24 22:45:51","2","662","<dataset><distribution>","1",""
"62195","1","Question","2019-10-25 01:29:10","0","25","<statistics><pytorch><variance><weight-initialization>","1",""
"62197","1","Question","2019-10-25 05:10:23","1","78","<machine-learning><perceptron><mathematics>","0",""
"62201","1","Question","2019-10-25 08:30:04","1","78","<machine-learning><cnn>","2",""
"62206","1","Question","2019-10-25 10:00:01","0","1312","<scikit-learn><pca>","1",""
"62207","1","Question","2019-10-25 10:01:40","1","19","<deep-learning><keras><gradient-descent><convolutional-neural-network>","0",""
"62213","1","Question","2019-10-25 10:40:55","0","47","<scikit-learn><svm><normalization>","2",""
"62216","1","Question","2019-10-25 11:52:01","1","205","<pca><matrix-factorisation>","1",""
"62222","1","Question","2019-10-25 14:57:52","1","24","<machine-learning>","1",""
"62224","1","Question","2019-10-25 15:38:21","1","46","<pca>","2","0"
"62225","1","Question","2019-10-25 16:09:12","2","288","<python><deep-learning><nlp><image-preprocessing><opencv>","2",""
"62226","1","Question","2019-10-25 16:25:02","1","23","<machine-learning>","0",""
"62231","1","Question","2019-10-25 17:40:17","1","85","<machine-learning><python><scikit-learn>","1",""
"62234","1","Question","2019-10-25 18:47:40","1","401","<weka>","1",""
"62241","1","Question","2019-10-26 01:25:01","1","84","<activation-function>","1",""
"62243","1","Question","2019-10-26 06:28:42","3","2939","<pytorch><gpu>","1",""
"62244","1","Question","2019-10-26 08:25:56","-1","3467","<python><pandas><data-cleaning><dataframe>","2",""
"62249","1","Question","2019-10-26 14:28:17","0","258","<r>","1",""
"62251","1","Question","2019-10-26 14:41:08","0","50","<classification><svm><naive-bayes-classifier><genetic-algorithms>","1",""
"62252","1","Question","2019-10-26 14:46:07","1","103","<python><scikit-learn><linear-regression>","2",""
"48670","1","Question","2019-04-05 07:48:19","3","338","<keras><optimization><overfitting><gan>","0",""
"48671","1","Question","2019-04-05 07:49:22","0","3838","<python><word2vec><data-analysis><cosine-distance>","2","3"
"48672","1","Question","2019-04-05 08:03:22","3","1459","<machine-learning><neural-network><classification><cost-function>","1",""
"48688","1","Question","2019-04-05 10:38:27","1","227","<python><tensorflow><rnn>","0",""
"48693","1","Question","2019-04-05 13:20:06","8","34372","<python><clustering><pandas>","2","2"
"48697","1","Question","2019-04-05 14:25:07","2","1554","<python><keras><tensorflow><loss-function><autoencoder>","1",""
"48699","1","Question","2019-04-05 15:50:56","1","62","<neural-network><deep-learning><gan>","1",""
"48701","1","Question","2019-04-05 16:21:59","1","144","<machine-learning><prediction><probability><naive-bayes-classifier>","1",""
"48702","1","Question","2019-04-05 16:30:12","1","42","<classification><predictive-modeling><multilabel-classification>","2",""
"48706","1","Question","2019-04-05 19:12:41","1","33","<python><sql><excel>","1",""
"48707","1","Question","2019-04-05 19:17:01","0","224","<keras><lstm><loss-function>","1",""
"48709","1","Question","2019-04-05 19:20:49","3","2076","<python><preprocessing><numpy><sampling><smote>","1",""
"48711","1","Question","2019-04-05 19:36:51","8","1369","<machine-learning><python>","2","6"
"48717","1","Question","2019-04-05 21:29:58","5","713","<neural-network><time-series><lstm><rnn><feature-engineering>","1",""
"48718","1","Question","2019-04-05 21:30:26","2","6551","<gpu><linux>","1","1"
"48722","1","Question","2019-04-05 23:41:28","0","573","<word2vec><word-embeddings>","1",""
"48723","1","Question","2019-04-06 00:03:23","3","118","<neural-network><deep-learning><gan>","0",""
"48724","1","Question","2019-04-06 03:19:02","1","110","<dataset>","2",""
"48726","1","Question","2019-04-06 05:32:40","1","117","<deep-learning><xgboost>","0",""
"48727","1","Question","2019-04-06 06:55:14","0","132","<machine-learning><deep-learning><ai>","1","1"
"48731","1","Question","2019-04-06 10:24:19","0","686","<neural-network><keras><dataset><neural>","1",""
"48736","1","Question","2019-04-06 10:58:10","1","8036","<keras><lstm><learning-rate>","1","1"
"48740","1","Question","2019-04-06 11:54:29","4","88","<r>","1",""
"48751","1","Question","2019-04-06 12:47:10","1","40","<python><deep-learning><keras><cnn>","0",""
"48753","1","Question","2019-04-06 13:15:41","1","75","<machine-learning><python><deep-learning><pandas><data-cleaning>","0",""
"48755","1","Question","2019-04-06 13:32:54","1","272","<neural-network><keras><dataset>","3",""
"48761","1","Question","2019-04-06 16:21:18","2","166","<machine-learning><logistic-regression>","2",""
"48764","1","Question","2019-04-06 17:15:13","1","2479","<classification><keras><lstm><binary><neural>","0","1"
"48767","1","Question","2019-04-06 17:42:12","1","386","<classification><svm><matlab><hyperparameter>","0",""
"62255","1","Question","2019-10-26 16:35:22","0","28","<machine-learning><training><algorithms>","2",""
"62257","1","Question","2019-10-26 16:57:22","2","31","<neural-network><deep-learning><time-series><regression><graphs>","1",""
"62262","1","Question","2019-10-26 19:31:48","1","52","<multiclass-classification><multilabel-classification><softmax>","0",""
"62264","1","Question","2019-10-26 22:06:50","3","160","<machine-learning><python><keras><convolutional-neural-network><vgg16>","2","4"
"62267","1","Question","2019-10-27 01:17:52","2","422","<tensorflow><machine-learning-model><overfitting><gpu>","3","2"
"62269","1","Question","2019-10-27 05:55:21","1","16","<machine-learning><statistics><data-science-model>","1",""
"62271","1","Question","2019-10-27 06:14:44","1","15","<classification>","0",""
"62272","1","Question","2019-10-27 06:34:20","-2","33","<machine-learning>","1",""
"62277","1","Question","2019-10-27 12:00:23","2","18","<deep-learning><cnn><vgg16>","1","1"
"62282","1","Question","2019-10-27 13:05:46","0","99","<gradient-descent>","1",""
"62291","1","Question","2019-10-27 20:50:05","0","33","<machine-learning><pandas><feature-selection>","1",""
"62294","1","Question","2019-10-27 23:24:52","0","255","<python><scikit-learn><logistic-regression><missing-data><dummy-variables>","2","1"
"62295","1","Question","2019-10-27 23:26:22","1","26","<data-analysis><descriptive-statistics><self-study>","1",""
"62296","1","Question","2019-10-27 23:27:14","1","49","<machine-learning><python><logistic-regression>","0",""
"62300","1","Question","2019-10-28 05:01:09","1","23","<time-series>","0","2"
"62302","1","Question","2019-10-28 06:45:20","1","96","<machine-learning><reinforcement-learning><mathematics><research>","0",""
"62303","1","Question","2019-10-28 07:47:14","4","3826","<machine-learning><scikit-learn><evaluation>","1","4"
"62305","1","Question","2019-10-28 09:30:28","5","554","<machine-learning><optimization><genetic-algorithms>","3","1"
"62306","1","Question","2019-10-28 09:33:09","0","107","<machine-learning><neural-network><deep-learning><cnn><machine-learning-model>","1",""
"62307","1","Question","2019-10-28 10:14:03","0","127","<nlp><feature-selection><feature-extraction>","1",""
"62314","1","Question","2019-10-28 11:53:29","2","55","<scikit-learn><regression><pandas><data-science-model><mlp>","1",""
"62316","1","Question","2019-10-28 13:12:53","1","1493","<machine-learning><python><keras><transfer-learning><vgg16>","1","2"
"62322","1","Question","2019-10-28 17:18:31","0","209","<python><nlp><nltk><spacy>","1",""
"62323","1","Question","2019-10-28 17:20:36","3","1230","<machine-learning><neural-network><optimization><gradient-descent><hyperparameter>","1","3"
"62325","1","Question","2019-10-28 18:46:23","1","194","<machine-learning><python><time-series><unsupervised-learning><anomaly-detection>","1","1"
"62326","1","Question","2019-10-28 19:04:42","2","39","<machine-learning><deep-learning>","1",""
"62328","1","Question","2019-10-28 19:11:10","0","253","<regression><linear-regression><terminology>","1","2"
"62329","1","Question","2019-10-28 19:48:04","0","660","<machine-learning><neural-network><gradient-descent><backpropagation>","1",""
"62332","1","Question","2019-10-28 20:19:31","3","1193","<r>","1",""
"48775","1","Question","2019-04-06 20:20:01","2","965","<time-series><lstm><preprocessing><forecasting>","1","1"
"48776","1","Question","2019-04-06 22:39:19","1","67","<python><deep-learning><convolution><numpy>","1",""
"48784","1","Question","2019-04-07 05:50:02","1","378","<machine-learning><neural-network><prediction><machine-learning-model>","1",""
"48788","1","Question","2019-04-07 06:56:55","5","355","<machine-learning><supervised-learning><prediction>","3",""
"48789","1","Question","2019-04-07 07:37:38","1","25","<decision-trees>","0",""
"48796","1","Question","2019-04-07 08:04:54","25","15502","<keras><lstm>","2","16"
"48797","1","Question","2019-04-07 09:03:07","1","99","<python><neural-network><keras>","0",""
"48798","1","Question","2019-04-07 09:12:08","0","45","<python>","1",""
"48801","1","Question","2019-04-07 10:10:50","1","172","<machine-learning><time-series><predictive-modeling><probability><markov-process>","1",""
"48821","1","Question","2019-04-07 12:10:33","6","227","<neural-network><cnn><lstm><training><class-imbalance>","2","2"
"48825","1","Question","2019-04-07 16:09:16","3","1038","<optimization><gradient-descent><loss-function>","1",""
"48828","1","Question","2019-04-07 18:06:59","1","24","<machine-learning><cnn><convolutional-neural-network><evolutionary-algorithms>","0",""
"48832","1","Question","2019-04-07 18:57:42","0","152","<keras><nlp><cnn><text-filter>","1",""
"48834","1","Question","2019-04-07 19:19:21","1","466","<machine-learning><dataset><perceptron>","0",""
"48837","1","Question","2019-04-07 22:11:49","2","3730","<keras><tensorflow><cnn>","1",""
"48838","1","Question","2019-04-07 23:23:24","1","45","<regression><linear-regression><matrix-factorisation><matrix>","0",""
"48842","1","Question","2019-04-08 00:35:33","4","103","<machine-learning><theory><pac-learning>","1","1"
"48846","1","Question","2019-04-08 04:03:25","-2","112","<clustering><unsupervised-learning>","1",""
"48848","1","Question","2019-04-08 05:19:33","0","5951","<python>","1",""
"48851","1","Question","2019-04-08 07:29:05","3","319","<machine-learning><neural-network><keras><lstm>","0",""
"48862","1","Question","2019-04-08 09:30:30","2","226","<machine-learning><deep-learning><information-retrieval><similar-documents>","0",""
"48872","1","Question","2019-04-08 10:20:24","1","189","<reinforcement-learning><policy-gradients>","0",""
"48874","1","Question","2019-04-08 10:50:28","0","277","<social-network-analysis><twitter>","1",""
"48875","1","Question","2019-04-08 11:04:22","5","2452","<machine-learning><data><categorical-data><encoding>","1","2"
"48877","1","Question","2019-04-08 12:09:09","1","59","<probability><autoencoder><gaussian>","0",""
"48883","1","Question","2019-04-08 15:18:17","1","549","<machine-learning><k-means>","1",""
"48885","1","Question","2019-04-08 15:40:16","6","2570","<statistics><data-analysis>","1","3"
"48886","1","Question","2019-04-08 15:55:59","2","22","<classification><naive-bayes-classifier>","1",""
"48889","1","Question","2019-04-08 16:29:30","1","184","<deep-learning><reinforcement-learning>","1",""
"48890","1","Question","2019-04-08 16:52:10","0","29","<data-mining><preprocessing>","2",""
"48891","1","Question","2019-04-08 17:11:12","1","3142","<loss-function><pytorch>","2",""
"48893","1","Question","2019-04-08 17:15:45","1","73","<python><classification><matlab>","2",""
"48904","1","Question","2019-04-08 18:16:58","0","263","<python>","1",""
"48905","1","Question","2019-04-08 18:36:42","1","491","<machine-learning><k-nn>","2",""
"48909","1","Question","2019-04-08 18:54:40","2","509","<python><deep-learning><tensorflow><anaconda><linux>","1",""
"48912","1","Question","2019-04-08 19:45:52","0","32","<recommender-system><data-product>","1",""
"48913","1","Question","2019-04-08 20:03:47","1","20","<feature-extraction><feature-engineering><missing-data>","0",""
"48920","1","Question","2019-04-09 00:18:27","6","319","<neural-network><convolution><graphs>","1","2"
"48921","1","Question","2019-04-09 00:29:12","2","488","<neural-network><loss-function><pytorch><regularization>","1",""
"48922","1","Question","2019-04-09 00:35:23","1","718","<neural-network><tensorflow><overfitting>","1","1"
"48923","1","Question","2019-04-09 01:24:53","1","678","<neural-network><computer-vision><object-detection>","0",""
"48925","1","Question","2019-04-09 01:41:02","0","687","<logistic-regression><prediction><sas>","1",""
"48932","1","Question","2019-04-09 04:12:52","0","42","<deep-learning><cnn><backpropagation>","1",""
"48939","1","Question","2019-04-09 07:15:34","1","143","<neural-network><keras><embeddings><neural>","0","1"
"48943","1","Question","2019-04-09 08:07:51","1","63","<neural-network><keras><cnn><lstm>","0",""
"48944","1","Question","2019-04-09 08:53:56","2","45","<machine-learning><predictive-modeling><algorithms><machine-learning-model>","1",""
"48946","1","Question","2019-04-09 09:32:10","2","5064","<deep-learning><keras><tensorflow><opencv>","1","1"
"48947","1","Question","2019-04-09 09:35:24","2","360","<machine-learning><python>","0",""
"48952","1","Question","2019-04-09 10:20:33","1","251","<neural-network><image-recognition><yolo>","1",""
"48954","1","Question","2019-04-09 10:58:10","1","30","<machine-learning><linear-regression>","1",""
"48962","1","Question","2019-04-09 12:50:21","11","8166","<python><deep-learning><autoencoder><vae>","1","8"
"48966","1","Question","2019-04-09 13:46:47","1","25","<nlp>","1",""
"48969","1","Question","2019-04-09 15:00:00","1","157","<deep-learning><nlp><language-model>","1",""
"48970","1","Question","2019-04-09 15:04:16","0","1336","<python><neural-network><lstm><autoencoder><vae>","0",""
"48971","1","Question","2019-04-09 15:30:23","2","2863","<machine-learning><autoencoder><vae>","1",""
"48975","1","Question","2019-04-09 16:40:14","0","50","<neural-network><clustering><unsupervised-learning><nlp>","1",""
"48977","1","Question","2019-04-09 17:00:37","1","133","<neural-network><cnn><object-detection><opencv>","1",""
"48984","1","Question","2019-04-09 18:13:54","0","1837","<neural-network><deep-learning><keras>","1",""
"48985","1","Question","2019-04-09 18:34:47","4","634","<unsupervised-learning><data-science-model>","3",""